  0.00000003462053982  0.00000006316011277  0.00000008690978986  0.00000011111534075
  0.00000013875796750  0.00000016978436022  0.00000020461475083  0.00000024420414101
  0.00000029181229027  0.00000034931084953  0.00000041530996805  0.00000049066346783
  0.00000057468019819  0.00000066974713894  0.00000077858971312  0.00000090126484955
  0.00000104196205436  0.00000120703011617  0.00000140098079926  0.00000163017449781
  0.00000190408532977  0.00000223544258674  0.00000261773968520  0.00000305178961327
  0.00000356233716989  0.00000417567733499  0.00000489511883764  0.00000571383524164
  0.00000662322303610  0.00000762281307000  0.00000875778082930  0.00001011373655531
  0.00001174571125216  0.00001367531808074  0.00001591842751945  0.00001847822712612
  0.00002141039961024  0.00002472522154185  0.00002841175691965  0.00003263220025718
  0.00003756574844455  0.00004347611017934  0.00005016401813183  0.00005771338932855
  0.00006629714904009  0.00007683025870056  0.00008893147810877  0.00010310576234142
  0.00011904664663851  0.00013747549682152  0.00015874781054577  0.00018411198689482
  0.00021459205358367  0.00025094169192479  0.00029338264700239  0.00034051577187746
  0.00039191000028720  0.00045196194177494  0.00052172204042314  0.00060272627546059
  0.00070060459431047  0.00082064455388128  0.00095649629096461  0.00111135991948901
  0.00128278638968358  0.00147314622177010  0.00169350321377472  0.00195718743423182
  0.00226869838284148  0.00263072417869116  0.00304285834568449  0.00350616429360460
  0.00403344635325476  0.00463505122802420  0.00531157072753614  0.00609166871365595
  0.00704051463608676  0.00818326857418815  0.00948171640993312  0.01091129987022212
  0.01248676499470963  0.01424601611483161  0.01624282314492342  0.01851430699325422
  0.02112950250150384  0.02410948574555004  0.02746394748348876  0.03120956464156588
  0.03557310608674832  0.04100262162608014  0.04907404069397114  0.06222701935520170
  0.08454026376681931  0.15008666621094585  0.52380354803433704  1.00000000000000000
  0.00054697970501990  0.00065862489870123  0.00074411551434107  0.00082255792589098
  0.00090494422050450  0.00099390127669659  0.00108502839423332  0.00117789375073314
  0.00127410673404926  0.00137713690896971  0.00148550375273644  0.00159839699004751
  0.00171175796330989  0.00181824142256521  0.00191805172653085  0.00202538358922463
  0.00213747348238806  0.00226259912722955  0.00241845567593873  0.00257701937355480
  0.00273374548533404  0.00289234069868920  0.00305856703052047  0.00323341272544163
  0.00341362132191257  0.00360774445343479  0.00382312094897535  0.00404878428032664
  0.00428294435676642  0.00452192506203737  0.00473996383470399  0.00492785016630263
  0.00510379141248340  0.00526897656672364  0.00543323466727912  0.00559188880111474
  0.00576362549586075  0.00593712860774872  0.00611619520433317  0.00629905789375349
  0.00648479830149202  0.00667331444797794  0.00686820186646416  0.00707020547906825
  0.00727811819657439  0.00748920914407269  0.00770124041293946  0.00792655893202658
  0.00816208430581826  0.00840523925657418  0.00865239130876894  0.00890348558785231
  0.00916712966233654  0.00944770808140563  0.00974023884860704  0.01004921460634636
  0.01037838054754725  0.01072336780107188  0.01108754932904641  0.01147809149359807
  0.01189533678840027  0.01233407351147215  0.01279578094197538  0.01327727956408469
  0.01378956443427257  0.01432768341949941  0.01489384303052116  0.01548249277696002
  0.01611921283058060  0.01681621180429603  0.01755744405692937  0.01838216915380492
  0.01925491990123328  0.02019667473227487  0.02122956981373189  0.02234251061437800
  0.02355783713249631  0.02487701252512256  0.02631430590860211  0.02790909595396693
  0.02968595510894599  0.03170861266913939  0.03403084631962649  0.03672060791411700
  0.03994487120183132  0.04387598529698051  0.04846833434184206  0.05395376430130053
  0.06077176591823479  0.06955214757057047  0.08232220399603557  0.10199594189061016
  0.13539026837988485  0.22825611118646896  0.81341060100051965  1.00000000000000000
 -0.00669079510087724  0.03168176654665184  0.06050168341549327  0.08365339213207582
  0.10495594116720432  0.12491119601641955  0.14383467565502761  0.16187790857103490
  0.17908012439784968  0.19567004932860838  0.21157608006977713  0.22669262553435288
  0.24131786670269470  0.25551734072306603  0.26911424546583690  0.28250030773095158
  0.29577902319578708  0.30897201235953620  0.32183912595155717  0.33435415813169134
  0.34661689572630522  0.35851238303253641  0.37004885337996496  0.38101375884625671
  0.39167091317493141  0.40197860305862992  0.41233105825488037  0.42307031570333520
  0.43372949187640925  0.44462994072801659  0.45568233915675871  0.46670630562770471
  0.47750427620708530  0.48839238430594251  0.49954121107524380  0.51062191044941629
  0.52129840174990416  0.53149767607950915  0.54122479560475012  0.55051797180387152
  0.55959373643298149  0.56888699596364412  0.57838029703414051  0.58798736993312062
  0.59756639028773018  0.60725774255883813  0.61712319281404737  0.62675998641616559
  0.63580916262167442  0.64450555851973634  0.65297079767628452  0.66165142928112808
  0.67017652706816222  0.67858997007000432  0.68702405683854106  0.69558624507753553
  0.70443081915340844  0.71325689841613560  0.72183685139361298  0.72990924609348362
  0.73745687306158392  0.74485440454318519  0.75234176501929728  0.75999304347323016
  0.76780012248924556  0.77548040612544999  0.78292762941016902  0.79049784095577569
  0.79868623607572775  0.80701906215607389  0.81496408546004273  0.82270117222627781
  0.83044856173921178  0.83809756574238903  0.84571378009749576  0.85332457594055622
  0.86079128912503189  0.86807953962622142  0.87522817865468294  0.88242753023596365
  0.88966619422951321  0.89709479033644834  0.90469122308810690  0.91212948578599928
  0.91950266376619760  0.92677962773277300  0.93420063510878237  0.94160509220416877
  0.94896595457581401  0.95623721996745181  0.96350214756278996  0.97069191835813640
  0.97803793597983846  0.98532671947935380  0.99262296045105736  1.00000000000000000
 -0.00240097277690312  0.00990363339868277  0.02060177966147662  0.03186421854414747
  0.04348900238757717  0.05480224857508822  0.06602733701480426  0.07760800787510526
  0.08879101259153341  0.09929660308493800  0.10969971463079106  0.12034609779061714
  0.13092330072638839  0.14159337498392627  0.15235527558585343  0.16308679620395258
  0.17338192475830891  0.18357665545345114  0.19369873104527935  0.20397937582740577
  0.21404002308601383  0.22393117134513738  0.23381966994202349  0.24381510629357175
  0.25428850866075714  0.26493065621590733  0.27561609473638049  0.28639375776905596
  0.29715355460461790  0.30796011435499437  0.31868972059562040  0.32941077697589560
  0.34010234302157188  0.35070551700000302  0.36153750725963812  0.37229843637957094
  0.38303519959577270  0.39309226914637740  0.40320458136660303  0.41310092267792903
  0.42347691156410355  0.43402865980690941  0.44461685039987120  0.45510211234221171
  0.46553034563324275  0.47640390939945787  0.48649893775081549  0.49682644503832091
  0.50713518843161587  0.51807516625735328  0.52867644489760557  0.53914455981067377
  0.54996332227188371  0.56051752085432194  0.57056660555042649  0.58041726454318276
  0.59086203277832905  0.60191804478526978  0.61297357211077930  0.62408135402072162
  0.63529257144137508  0.64605312332333786  0.65618926978354408  0.66622413951442450
  0.67645508138882127  0.68679735350729509  0.69719038722478544  0.70753901570608579
  0.71788661567622358  0.72837660035565222  0.73882934146138302  0.74895862357247589
  0.75888213763189327  0.76893137920208643  0.77926765275901033  0.78974519125856379
  0.80027031488741351  0.81096708234996573  0.82206937922490186  0.83279792843000200
  0.84260487721484290  0.85196798001787355  0.86147414835302127  0.87086301789538034
  0.88013764733075872  0.88938482212536041  0.89891962061763309  0.91045596103544557
  0.92162496365656787  0.93309587868316091  0.94438251598167844  0.95569348600730097
  0.96655616199962091  0.97762731820719806  0.98863590720120542  1.00000000000000000
 -0.00268263770245887  0.00998451518170189  0.02096313354598219  0.03163967119669140
  0.04200615162944399  0.05233272771629998  0.06310146004289512  0.07355413796029438
  0.08375215863461878  0.09392312950375113  0.10402167180291093  0.11458849928336742
  0.12491587691879827  0.13538655780552819  0.14603956996044851  0.15686031232978873
  0.16765891365066915  0.17780580819714631  0.18827478390415395  0.19882525421266961
  0.20932944944239915  0.21982183020007887  0.23045392266569503  0.24123375602406638
  0.25208579027915867  0.26295908621465802  0.27398356798524237  0.28466462267675374
  0.29528014363815630  0.30574316937001167  0.31659751212881182  0.32780978444612807
  0.33955462707271655  0.35176988603643627  0.36326272373614288  0.37446204059899174
  0.38537831257281957  0.39578571741293822  0.40602684749719320  0.41635516603113798
  0.42710934570115122  0.43765627777203425  0.44840886161888016  0.45941279744140884
  0.47066322487438361  0.48178218367319936  0.49276977438233383  0.50380208643174773
  0.51469898027056848  0.52533425511758958  0.53576433659280231  0.54626324512328239
  0.55691293072075465  0.56758478306329974  0.57806569521546958  0.58867206303182273
  0.59963825618779198  0.61056555840064231  0.62122397769711901  0.63170090881114160
  0.64211812489551667  0.65256956995511217  0.66305481436522162  0.67374123576688805
  0.68446080699452794  0.69495476442730042  0.70523002486530184  0.71545475608671860
  0.72588365116617115  0.73653908280928637  0.74721125995031057  0.75768199506775191
  0.76775747189357946  0.77759468916557040  0.78741535239659077  0.79758926642860473
  0.80802789175434520  0.81867412913078830  0.82954755363339494  0.84044164947813615
  0.85120920989607296  0.86173654267886846  0.87202537543617942  0.88219063344732107
  0.89254875776156650  0.90318523796845662  0.91342789827651139  0.92309269748443445
  0.93274056039218123  0.94287470697630260  0.95333853898588239  0.96314798448500416
  0.97263579167567460  0.98207461235480853  0.99104735275461286  1.00000000000000000
  0.20447373602970356       -1.0000000000000000     
 T T T T T T T T T T T T T T T T T T T T T T T T T T T T T T T T F F F F F F F F F F F F F F F F F F F F F F F F F F F F F F F F
  <DiscreteSampler_grid>
  grouped_processes
  1 # 1 for a reference and 2 for a running grid.
  10 # Attribute 'min_bin_probing_points' of the grid.
  1 # Attribute 'grid_mode' of the grid. 1=='default',2=='initialization'
  0.0000000000000000 # Attribute 'small_contrib_threshold' of the grid.
  0.5000000000000000 # Attribute 'damping_power' of the grid.
 # binID   n_entries weight   weight_sqr   abs_weight
    10   10   2.677539949319899E+012   5.138257700460112E+025   2.677539949319899E+012
  </DiscreteSampler_grid>
