  0.00000003829794083  0.00000006149219566  0.00000008730633333  0.00000011508585776
  0.00000014495617413  0.00000017741693294  0.00000021172263521  0.00000024969025982
  0.00000029206226824  0.00000034164906025  0.00000039979703298  0.00000046889484893
  0.00000055182189997  0.00000064983648642  0.00000077001723660  0.00000091738811352
  0.00000109321837770  0.00000128132631286  0.00000149062640346  0.00000172775196153
  0.00000198953611821  0.00000229920407505  0.00000267507359279  0.00000312861871306
  0.00000364288452383  0.00000423079793930  0.00000490124787833  0.00000568292073258
  0.00000659941007049  0.00000766406643621  0.00000892963489529  0.00001043930207926
  0.00001221634623818  0.00001428271551924  0.00001671884556745  0.00001951838526215
  0.00002258119640972  0.00002605755760267  0.00003010526195939  0.00003482592304256
  0.00004038737649994  0.00004670375694651  0.00005374101747951  0.00006171023491223
  0.00007085785157513  0.00008115198350351  0.00009251100105584  0.00010527700699787
  0.00012023720930522  0.00013780898493660  0.00015836140799663  0.00018233851646019
  0.00021036676236170  0.00024284143849330  0.00028030961229670  0.00032343918386594
  0.00037261497462571  0.00043054012522637  0.00049928660729444  0.00057750593987571
  0.00066631515473903  0.00076618082156129  0.00087971978730523  0.00100976602995480
  0.00116167932592957  0.00134126315948049  0.00155587281404594  0.00180043390263591
  0.00207579583988218  0.00238376380966704  0.00273472743609253  0.00313810001477784
  0.00360884606946441  0.00417477123454878  0.00486133819208949  0.00565324695646895
  0.00657469033667170  0.00761051639393035  0.00878625176508303  0.01017695665458303
  0.01190521472279432  0.01377407154489178  0.01584702556544674  0.01812719916893923
  0.02077748269758645  0.02389536800805607  0.02757314630620927  0.03177581911774499
  0.03660632719716868  0.04267843244530220  0.05101778571247076  0.06370417889709105
  0.08628758016570566  0.15391167633963140  0.52260820554767995  1.00000000000000000
  0.00025457863488811  0.00040800509018798  0.00052270216740442  0.00061907174416657
  0.00071563284899266  0.00081254821793652  0.00090538860704973  0.00100870505399895
  0.00112644823779287  0.00125965869351095  0.00140558662222265  0.00155908355160023
  0.00170202345171759  0.00181240250607202  0.00192569077329072  0.00204872752792401
  0.00219691638103094  0.00234705243563458  0.00250082481408364  0.00266036946494069
  0.00282263869196429  0.00298835282550503  0.00315522976804683  0.00332635256711091
  0.00350234021335192  0.00367115339623338  0.00384524667965311  0.00402268794308770
  0.00420310374294094  0.00438579763311511  0.00456191681716311  0.00473595695801247
  0.00491310950229694  0.00508786749403892  0.00525831326553066  0.00542369740882817
  0.00558837375482396  0.00575725639688390  0.00593036602996141  0.00610885714744866
  0.00629475576192878  0.00648592395147364  0.00667723562638872  0.00686771320928273
  0.00706201732614570  0.00726272819996541  0.00747333582075114  0.00768996362429005
  0.00791526518713065  0.00815485425222262  0.00840756192960290  0.00867022358529414
  0.00893994709310580  0.00921898424082581  0.00951048014426566  0.00981285066245137
  0.01012985958740662  0.01046418202640857  0.01082022486419300  0.01119974315571656
  0.01159310830271557  0.01200131185564456  0.01243492804323984  0.01290044450026993
  0.01338568026160890  0.01391012152316527  0.01449307167267474  0.01510167784817271
  0.01573154828683558  0.01639712072129139  0.01711852458748227  0.01790498436020620
  0.01875275868442745  0.01966312375191976  0.02065160985726157  0.02174771323226778
  0.02295283603786469  0.02427817553605137  0.02568795696511811  0.02725730554556182
  0.02901457135844637  0.03099713237609104  0.03324734556838237  0.03583504263565465
  0.03884250401998687  0.04241483496596984  0.04680334189015276  0.05220952503327018
  0.05905180979694338  0.06815681670960189  0.08068114171947256  0.10056540586136289
  0.13471956419489001  0.22820678627750651  0.81674269984765913  1.00000000000000000
 -0.00516321445341693  0.02905297363759982  0.05877134830229876  0.08606529475167594
  0.11006672978285262  0.13168353043518663  0.15117271444630409  0.16859245001378481
  0.18384304548062291  0.19946979650010840  0.21571435093481373  0.23133930407281145
  0.24687220471545993  0.26053848769785931  0.27495430071488564  0.28871806632610081
  0.30226641644805008  0.31538913984849526  0.32813480974999321  0.34007808478858914
  0.35164610384515821  0.36346284695175890  0.37538719831496353  0.38737348901447460
  0.39944871049356545  0.41124532774509148  0.42240616980244045  0.43313588867603625
  0.44342108805237684  0.45324643235460260  0.46295346163736911  0.47305465930621227
  0.48397559509798532  0.49491348203439506  0.50551397047114544  0.51536491354740521
  0.52503836823282490  0.53473807071412871  0.54445029203217588  0.55344810977049663
  0.56182221029969415  0.57009333275476415  0.57878397907396406  0.58775412860213616
  0.59709606946804483  0.60647766979103190  0.61625428557951001  0.62590988180485230
  0.63504205061619767  0.64421670947076226  0.65313489378157585  0.66224915905320780
  0.67117631076033824  0.67988876714599533  0.68841638621966061  0.69656825236229880
  0.70452628127902184  0.71234817761626235  0.72006428208969242  0.72791135870500689
  0.73534837575462408  0.74249383147576553  0.74971460192406825  0.75711909425855628
  0.76472234244605686  0.77243368104064691  0.78035550078300320  0.78829682653715538
  0.79618335600691836  0.80402590866473445  0.81180916330974984  0.81958375113038506
  0.82728491724041453  0.83501940458701562  0.84272655041150324  0.85037493212307036
  0.85803050619518828  0.86574619168104394  0.87355046017860849  0.88124448858353799
  0.88888594668316689  0.89652822786048114  0.90407560635633777  0.91165606360949036
  0.91929593717288483  0.92703258778783937  0.93457648724003239  0.94198448715676231
  0.94948279274679603  0.95683703317260305  0.96429019103017888  0.97157305518573223
  0.97889928004912818  0.98616180930894848  0.99303551804829227  1.00000000000000000
 -0.00170585174101382  0.00795618990293620  0.01731076672909295  0.02713917669264293
  0.03733552606992154  0.04785547361932335  0.05829493435047678  0.06856565386114756
  0.07899045304705721  0.09017271002141702  0.10133804301879544  0.11156473730421612
  0.12166308317538627  0.13206227513780763  0.14260504376828259  0.15273729948016623
  0.16267071294533633  0.17288199055590642  0.18361394117701796  0.19425154023818025
  0.20495534252831799  0.21563898587304731  0.22655932933010112  0.23746082986125902
  0.24849035349384305  0.25946604940231810  0.27005489484603284  0.28029953750126069
  0.29074795108441503  0.30168670567858052  0.31245550493209950  0.32337513888756125
  0.33417650297250473  0.34513777896455500  0.35600347901254387  0.36714666713316779
  0.37763749183354056  0.38754795635390082  0.39746234206047837  0.40749932165272601
  0.41734407483130997  0.42681855580094730  0.43621335890139856  0.44615297819826460
  0.45650202407675661  0.46677018190802350  0.47658425319101583  0.48664057681768036
  0.49706146454207106  0.50771378848777027  0.51829318245555256  0.52903659928186164
  0.54004320673061090  0.55101300375458806  0.56195684628149845  0.57267568478042397
  0.58347316768440649  0.59440217714915677  0.60545721263589880  0.61655603508486179
  0.62730618279166450  0.63775894018806689  0.64839940195052459  0.65901098721346185
  0.66925953323495890  0.67936877556154673  0.68962375386763008  0.70015711417633519
  0.71086840036973975  0.72162479035016014  0.73217878114134516  0.74241076675075912
  0.75242969298745477  0.76233590392129047  0.77218549410022019  0.78193827965952956
  0.79199313800271864  0.80250553525230262  0.81322245907456558  0.82429106574941424
  0.83544806831032647  0.84674015140656511  0.85760339720719181  0.86821874379894781
  0.87860660487573006  0.88912452404080300  0.89976546860189810  0.91104058612177508
  0.92229405640991247  0.93382055827808963  0.94496743421269958  0.95638988641965905
  0.96750295102077377  0.97871029135646603  0.98948515095300049  1.00000000000000000
 -0.00265676998647076  0.01006977464139827  0.02055962520201052  0.03101187228502664
  0.04115528220230680  0.05169185302422308  0.06258616784245057  0.07368807182319397
  0.08450488553923791  0.09490384331020241  0.10517967885704907  0.11522841969580508
  0.12605962389534581  0.13714884341199918  0.14840924519671433  0.15951912898731149
  0.17040454266845412  0.18123640485072320  0.19184063823791192  0.20226855896275914
  0.21232819158977276  0.22236305664994610  0.23248909290263184  0.24265521650142111
  0.25291283611773846  0.26298705338677747  0.27325320887228155  0.28359230782126038
  0.29425253146203761  0.30512306668004419  0.31568630143552423  0.32621659799498176
  0.33671178033856691  0.34733252520343655  0.35781879962678531  0.36835108938981531
  0.37856340309567488  0.38866508031450259  0.39854941316712894  0.40875614274217065
  0.41912694226261965  0.42951920317979098  0.43995900498067536  0.45049775487383342
  0.46086615610399734  0.47144600818420479  0.48198501211149020  0.49257703174190565
  0.50347395773024739  0.51453936204045314  0.52558983439350615  0.53672716823122391
  0.54818515635326215  0.55999074356701983  0.57158417166845532  0.58338644069068002
  0.59535148140267846  0.60665398439204554  0.61764694162062639  0.62822757362217763
  0.63896627433236064  0.65005626844678899  0.66154357632493210  0.67293463658134045
  0.68386607192364302  0.69425032588431457  0.70455459500938489  0.71488386069017340
  0.72550030385365394  0.73648766615448580  0.74754219686535905  0.75846844744984632
  0.76912923935403121  0.77944518668193730  0.78964518398458949  0.80004001906772293
  0.81050043233762947  0.82086692472317346  0.83095064217102643  0.84097741251835145
  0.85092903941833764  0.86105755995837485  0.87133353976055483  0.88170371937335590
  0.89203723818715863  0.90248195993379343  0.91300412807395992  0.92304607529503413
  0.93303129552206643  0.94292324983587572  0.95317652641299377  0.96253842234783937
  0.97189897349562282  0.98123109609769066  0.99085327854850602  1.00000000000000000
  0.20607737330605244       -1.0000000000000000     
 T T T T T T T T T T T T T T T T T T T T T T T T T T T T T T T T F F F F F F F F F F F F F F F F F F F F F F F F F F F F F F F F
  <DiscreteSampler_grid>
  grouped_processes
  1 # 1 for a reference and 2 for a running grid.
  10 # Attribute 'min_bin_probing_points' of the grid.
  1 # Attribute 'grid_mode' of the grid. 1=='default',2=='initialization'
  0.0000000000000000 # Attribute 'small_contrib_threshold' of the grid.
  0.5000000000000000 # Attribute 'damping_power' of the grid.
 # binID   n_entries weight   weight_sqr   abs_weight
    10   10   2.420246791163580E+013   4.939608119736005E+027   2.420246791163580E+013
  </DiscreteSampler_grid>
