  0.00000003568138068  0.00000006432219264  0.00000008797920473  0.00000011211523350
  0.00000014011704136  0.00000017266961122  0.00000020821110169  0.00000024706564949
  0.00000029232673955  0.00000034755494104  0.00000041265140956  0.00000048800381619
  0.00000057268665288  0.00000066907631971  0.00000077801559950  0.00000089359433820
  0.00000102041056373  0.00000117359743056  0.00000135930096271  0.00000158228533054
  0.00000184357362614  0.00000215037463142  0.00000251485980172  0.00000293694243291
  0.00000341126957955  0.00000394201327482  0.00000453457602835  0.00000528350678984
  0.00000617542162850  0.00000719961676256  0.00000848402333092  0.00000986555074804
  0.00001144932026899  0.00001325823957971  0.00001524369992006  0.00001759649143995
  0.00002056938198267  0.00002406911652075  0.00002800450051294  0.00003253289818207
  0.00003781190979037  0.00004420983040668  0.00005181308906470  0.00006024322352384
  0.00006972484552033  0.00008081299871228  0.00009416859358518  0.00010987170125147
  0.00012748112347650  0.00014666161307052  0.00016815374198424  0.00019271358028254
  0.00022294093586756  0.00025949758072153  0.00030011953355316  0.00034617243258854
  0.00040170625444610  0.00046835823958676  0.00054594197406546  0.00063439914554469
  0.00073269704305876  0.00084262220770960  0.00096860855887309  0.00111540093323813
  0.00128940960185347  0.00149301330624102  0.00172480586172627  0.00198645391149884
  0.00227909526292340  0.00262172997507405  0.00301045027894131  0.00343530079438118
  0.00393807017777360  0.00454066499507174  0.00521924331342734  0.00600582012273122
  0.00695607921037619  0.00802500438132123  0.00919879184964773  0.01050974828062261
  0.01209045455335111  0.01394378381412691  0.01610872863531313  0.01858224815880054
  0.02138530539872637  0.02474145229961297  0.02900731450750019  0.03440135210245446
  0.04108687128329751  0.04924576177622916  0.05971523697143643  0.07487370553169811
  0.10245641513912485  0.18211667119177943  0.50772384278098981  1.00000000000000000
  0.00100980204764677  0.00107104800854700  0.00114022639339729  0.00125712924867183
  0.00140160870050779  0.00154706226205216  0.00167309062072422  0.00180043727167036
  0.00192857416378098  0.00205493030825928  0.00220669887213622  0.00236646290778441
  0.00254669167335137  0.00274786088078385  0.00294150100365558  0.00312544455168639
  0.00330099857565436  0.00347422997302924  0.00364859973146667  0.00381174403339916
  0.00396281825734619  0.00411677204954188  0.00428723812722235  0.00446284356131175
  0.00463164055243347  0.00479185335410940  0.00495506035381731  0.00511328314981844
  0.00526541427453600  0.00542224016202011  0.00558251163411742  0.00574531003393656
  0.00590480211271401  0.00606975744735358  0.00624480120765914  0.00642860236875416
  0.00662316475781142  0.00682997737872103  0.00703688083140437  0.00725271076828723
  0.00747392275208229  0.00770258628009583  0.00793501247901261  0.00816559151134092
  0.00839976004479132  0.00864090421026029  0.00889173364369054  0.00915872539979890
  0.00943451103415050  0.00971162233301772  0.00999100573684586  0.01027908275764490
  0.01058060459700190  0.01091291799696873  0.01126519082749811  0.01164059618576927
  0.01204450917665682  0.01245757805236641  0.01288649766939483  0.01333701264795357
  0.01380414756858384  0.01428917905831651  0.01481520479098964  0.01537999091717047
  0.01597274946761503  0.01659769200842436  0.01726441208424046  0.01796869511651891
  0.01871541973887876  0.01953180245492418  0.02040988816338755  0.02134113223293805
  0.02232891733088301  0.02340505245158727  0.02460764813043763  0.02594222894177453
  0.02736549459206895  0.02890243371495411  0.03062514271915494  0.03259835320279451
  0.03472149066519373  0.03708038025854832  0.03972605257329651  0.04281183186164048
  0.04644595220632050  0.05083623104097893  0.05600849643291530  0.06229895498577203
  0.07006067197090679  0.07981534405419723  0.09336834607938825  0.11229260525910501
  0.14271709722882814  0.19721341896156605  0.32187750055976472  1.00000000000000000
 -0.00731844296955913  0.03613034754294024  0.06664518134478865  0.09019915075001893
  0.11094983494809264  0.13065592857949260  0.15031064021392895  0.16991165596403621
  0.18757700627124207  0.20435198073485322  0.22001886335956827  0.23477658112477892
  0.24924587104231691  0.26314779415450568  0.27660817420674810  0.28962773599788122
  0.30243526001976484  0.31530690714477982  0.32796727954579769  0.33994798180527913
  0.35127804682105718  0.36248651173865853  0.37395440536804092  0.38531422345932886
  0.39641843877762184  0.40746914285967384  0.41843828546116157  0.42948537584230034
  0.44062663812426839  0.45229527430901162  0.46400352121277844  0.47535876907187691
  0.48607163861292590  0.49628215100354800  0.50640112831907047  0.51642187762204916
  0.52653539979126562  0.53650808602128885  0.54594670411528046  0.55495746529115297
  0.56399820606096362  0.57302777898855017  0.58197811342829908  0.59083546701545908
  0.59981705971584487  0.60948676609066577  0.61961727885715190  0.62930960017534576
  0.63836139162597583  0.64718854166071049  0.65581622675428852  0.66430227632369288
  0.67273449497394033  0.68115842654218628  0.68959243229079414  0.69785342105400550
  0.70590248028007740  0.71380994301093836  0.72175365722659246  0.72989068224557163
  0.73796777410331305  0.74584508274760275  0.75367932192134457  0.76140976912808966
  0.76914005496078208  0.77675154895004617  0.78446953498409788  0.79238299599845208
  0.80034887383676012  0.80829665502839421  0.81618226884690925  0.82411103857737733
  0.83211600857305612  0.83986191249708986  0.84743356689282057  0.85496089872238268
  0.86247384890068490  0.87005210493926521  0.87755493383623495  0.88501425205443629
  0.89267669931040639  0.90010793234730224  0.90756085173070555  0.91487981270118601
  0.92259099748993589  0.92985602179925531  0.93699652012686219  0.94377513808062252
  0.95064100175048893  0.95780625724845947  0.96500256684610264  0.97213891559629972
  0.97929187506239912  0.98632291701491248  0.99318713759572197  1.00000000000000000
 -0.00198036390264508  0.00816310137271291  0.01748393925864082  0.02761698564494571
  0.03807592036516762  0.04924357969272253  0.06068944665612470  0.07233274997361394
  0.08352827196601691  0.09498794710202432  0.10600203851738266  0.11637999257768319
  0.12700850078810832  0.13771828642669784  0.14851129737635177  0.15847905477310864
  0.16878857561190447  0.17947571018320413  0.19047917773029424  0.20106215743097805
  0.21113177471240990  0.22094687802126350  0.23135648633975966  0.24225577444076407
  0.25292619506999198  0.26333163686233457  0.27399805178557712  0.28560379564222127
  0.29704303873826621  0.30810929079634458  0.31934612129523587  0.33067762535515605
  0.34128896611717874  0.35146292361679166  0.36167476145997118  0.37194937599274985
  0.38185864508009970  0.39180791667378356  0.40207349356595740  0.41268449743372931
  0.42331024358995367  0.43374895377698830  0.44380261001614857  0.45402903961292196
  0.46478098609026164  0.47577853717243190  0.48645096542259358  0.49690335508334477
  0.50783168986103799  0.51906317584529571  0.53030736065189699  0.54155706905702217
  0.55314075364117987  0.56493661999744171  0.57632120445670609  0.58705316160121157
  0.59724745963067871  0.60735461510921995  0.61747087654816635  0.62739492577968248
  0.63714592859946018  0.64721559527508798  0.65784396091190711  0.66893094822846788
  0.68002280217286615  0.69109524657287669  0.70202065990341267  0.71241502412744628
  0.72251039988830612  0.73276109262249089  0.74333482897190051  0.75411455139936778
  0.76534515356648780  0.77685254358706901  0.78827450461722892  0.79871199241320445
  0.80858432086206200  0.81835638827042179  0.82807029694467449  0.83797916412207074
  0.84778989464106269  0.85744218212412748  0.86683977764145237  0.87653020392187453
  0.88677432959284874  0.89750740664797679  0.90826580802049162  0.91903701085684353
  0.92993518458681868  0.94060832778673320  0.95164811098125790  0.96175150772493334
  0.97126082043199247  0.98067419269588407  0.99028942098067663  1.00000000000000000
 -0.00234153208548779  0.00890164496313882  0.01892074586184465  0.02930964539605659
  0.04018886955787872  0.05115927960621890  0.06178932998938793  0.07254203969028226
  0.08313351353969624  0.09366658487025208  0.10462666299652355  0.11666374160766607
  0.12888221062335090  0.14058694320622406  0.15236087495216405  0.16385097677141347
  0.17472423185736236  0.18541678327585234  0.19640099871009228  0.20768981030498018
  0.21890913309021526  0.22991421525244135  0.24068652286530007  0.25170441028925622
  0.26288290234452028  0.27379882317036519  0.28404760950732172  0.29419182566801644
  0.30436224904881876  0.31469321963884311  0.32575983389961843  0.33763325547324613
  0.34997260989889756  0.36177995771086063  0.37244422276614353  0.38270088850161749
  0.39262731386204824  0.40283432859269069  0.41300837718154004  0.42315043071281688
  0.43309140444057731  0.44287830855609966  0.45260974874693388  0.46247368163945551
  0.47252434229776441  0.48254321358567875  0.49241164118035369  0.50227639341580310
  0.51233063598630257  0.52241321838852550  0.53243564646098984  0.54219720598559362
  0.55181816102434667  0.56194813377341157  0.57255811442384119  0.58304328020883078
  0.59311114716045010  0.60334777010709706  0.61418395013787896  0.62476990943653110
  0.63487718235387680  0.64476080016716697  0.65483835420112280  0.66506411611656335
  0.67497035983756559  0.68500142942504272  0.69559971764821316  0.70660828139853460
  0.71731429257973689  0.72762923886245301  0.73773294076770102  0.74800704372840965
  0.75864419492645041  0.76948435030534545  0.78029060384003568  0.79049026159062397
  0.80049775234009779  0.81041284183069795  0.82057691894958296  0.83081116485006212
  0.84082990825011883  0.85079163569853744  0.86108034425378954  0.87166230377131704
  0.88202213117777417  0.89211253712000749  0.90195716938543125  0.91213537463240724
  0.92260537066781323  0.93312027933032848  0.94384078374719693  0.95500252664883944
  0.96648682846270428  0.97777727638784917  0.98888629187173027  1.00000000000000000
  0.40027442566733645       -1.0000000000000000     
 T T T T T T T T T T T T T T T T T T T T T T T T T T T T T T T T F F F F F F F F F F F F F F F F F F F F F F F F F F F F F F F F
  <DiscreteSampler_grid>
  grouped_processes
  1 # 1 for a reference and 2 for a running grid.
  10 # Attribute 'min_bin_probing_points' of the grid.
  1 # Attribute 'grid_mode' of the grid. 1=='default',2=='initialization'
  0.0000000000000000 # Attribute 'small_contrib_threshold' of the grid.
  0.5000000000000000 # Attribute 'damping_power' of the grid.
 # binID   n_entries weight   weight_sqr   abs_weight
    10   10   5.453562035860936E+013   1.863562120914273E+028   5.453562035860936E+013
  </DiscreteSampler_grid>
