  0.00000003893420070  0.00000006855573457  0.00000009109113308  0.00000011676389166
  0.00000014575064960  0.00000017999030091  0.00000021745307263  0.00000025904919053
  0.00000030562294297  0.00000035941302803  0.00000042154470610  0.00000049599284785
  0.00000058213430607  0.00000067902966268  0.00000079941151379  0.00000093467690519
  0.00000109401151574  0.00000127127912178  0.00000147516952964  0.00000171461209851
  0.00000198863169662  0.00000230922295389  0.00000266643458788  0.00000308040707241
  0.00000356427611757  0.00000413280906507  0.00000481674471102  0.00000561584839903
  0.00000654975302576  0.00000763669869427  0.00000890107256288  0.00001036892342890
  0.00001203067009403  0.00001395023624408  0.00001626499604100  0.00001899085864969
  0.00002213882697468  0.00002582994110098  0.00003007314329654  0.00003492526333072
  0.00004054854552097  0.00004693206138294  0.00005413822101048  0.00006251625461894
  0.00007216924856315  0.00008368412282561  0.00009725087114598  0.00011190186068455
  0.00012875397741687  0.00014806464333578  0.00017028765337990  0.00019576112416875
  0.00022554758725899  0.00025960238581987  0.00029830868478548  0.00034360391003417
  0.00039674905447005  0.00045856441634218  0.00053147681276319  0.00061560322150223
  0.00070976928116356  0.00081839914724407  0.00094531898005803  0.00109799314411406
  0.00127236641292654  0.00146453067085621  0.00167969119904806  0.00193308664511110
  0.00223328496909692  0.00257505179178933  0.00296447801516974  0.00343393395813132
  0.00399768236367615  0.00465420117539509  0.00539159485738191  0.00620646615886844
  0.00713764842782691  0.00826642103508934  0.00970547991401647  0.01138317069212548
  0.01321245584333459  0.01511248471152075  0.01720608368139609  0.01958896187830508
  0.02230795747944211  0.02509997318270936  0.02839249949320049  0.03221227858786185
  0.03640922411811474  0.04186400760348877  0.05031878354408875  0.06275498559410993
  0.08530593605404468  0.15423968658951978  0.52236639983909172  1.00000000000000000
  0.00011251472910683  0.00014952606306800  0.00018448244885310  0.00022931757135352
  0.00028752954611533  0.00034652465871666  0.00040997579904355  0.00048071597926976
  0.00055953151187599  0.00064161824332428  0.00073057899077679  0.00082745287131620
  0.00093313234276088  0.00104780208760446  0.00116802714355713  0.00129795899035423
  0.00143684792480584  0.00157710759209087  0.00170613205634912  0.00183081166395597
  0.00194961108497778  0.00206876839877800  0.00219514686550718  0.00234408097766448
  0.00249730299702646  0.00266417816710485  0.00285650419078397  0.00305175911143113
  0.00324865145248425  0.00344307575231039  0.00363874727032737  0.00384488515476229
  0.00406217914349475  0.00428171491794042  0.00449589965281341  0.00470502500748605
  0.00490106172148972  0.00508824081447341  0.00526622007125605  0.00543772609567005
  0.00560945808308760  0.00578154706609041  0.00595938265452535  0.00614143164343617
  0.00631832345935717  0.00651044991276395  0.00671478258926031  0.00692948073151202
  0.00715203179447540  0.00738115430009170  0.00761838200237491  0.00787258533166190
  0.00813245472367604  0.00839893597424003  0.00867958138734141  0.00897003885886048
  0.00927116325857861  0.00959136615031381  0.00992512632613227  0.01027639177654972
  0.01064654092700679  0.01104675999897572  0.01147046459439638  0.01191061397258475
  0.01237894864030314  0.01288294088187638  0.01342293825300965  0.01398370709556379
  0.01457402778085700  0.01520887226798844  0.01590773895974373  0.01666635049217554
  0.01747834366277312  0.01835262392568159  0.01928755104454281  0.02029472309286005
  0.02139414865465290  0.02258476752715428  0.02390491266335287  0.02540780707211312
  0.02715721441392128  0.02910531976224334  0.03132429818164408  0.03385789337930147
  0.03678718333214608  0.04019530701129148  0.04432716729504971  0.04952130047208675
  0.05617701099791185  0.06463217359012911  0.07587328933981372  0.09527579720973239
  0.12949722153677101  0.22121927048707662  0.81929540933994094  1.00000000000000000
 -0.00777268098439347  0.03464421347988358  0.06532119933585712  0.09026508737391038
  0.11079241626622821  0.12934800026658469  0.14717624394715589  0.16403398402320996
  0.18243046177155378  0.20007248012816348  0.21743752221634485  0.23330428949419754
  0.24922326780801626  0.26448792228282081  0.27900316161041183  0.29223931684752308
  0.30556472665854623  0.31841470081086493  0.33065231668058936  0.34331237507172241
  0.35616549708518552  0.36813370953830238  0.37983818819697457  0.39133710580947317
  0.40289565529132471  0.41410461500601559  0.42557297540360967  0.43722117878394062
  0.44877397111920303  0.45982310288986211  0.47017822576853441  0.48026199098930866
  0.48942490866039096  0.49873601977859650  0.50812300616038530  0.51771345529250157
  0.52757980655077474  0.53769507805947248  0.54639836143825105  0.55434267503700618
  0.56232642202613792  0.57001048279239142  0.57765121292751220  0.58545190077819198
  0.59311054549366460  0.60055253237591921  0.60848605285545743  0.61710332444627325
  0.62577731288611271  0.63423942928718380  0.64282151253067343  0.65143481067935860
  0.65982154343217603  0.66825721150601869  0.67682904161169921  0.68532058542520624
  0.69376593436610001  0.70214815535700348  0.71077870093711892  0.71966255078634445
  0.72858951047810128  0.73728763108982531  0.74579269637371881  0.75423206776452190
  0.76255090120333535  0.77067716438582745  0.77873867687219334  0.78691888955906364
  0.79490777397888623  0.80259870857574878  0.81013824243406707  0.81786293096771134
  0.82554022922220105  0.83352174412523694  0.84140881672988244  0.84904066864427707
  0.85649890542689533  0.86416096111692564  0.87194148696766438  0.87980191934387753
  0.88755045193391957  0.89525281944042201  0.90304013003459926  0.91085626650197049
  0.91859257625301072  0.92617133027622767  0.93380267831349040  0.94137397283835689
  0.94890113787649999  0.95628671375539365  0.96365420381941691  0.97103994616705691
  0.97859023897953690  0.98586546925705987  0.99294826639756961  1.00000000000000000
 -0.00249239749952948  0.01034889319357028  0.02023033681267595  0.03020765000064166
  0.04045075827583165  0.05066666237113869  0.06076189902158491  0.07148410028077268
  0.08132675177611337  0.09182292310145984  0.10212992362709908  0.11304795995361225
  0.12359025088643222  0.13409968876408151  0.14449211179360794  0.15494231685850327
  0.16538062119193303  0.17617573519975468  0.18689450221153667  0.19793179682607775
  0.20922887703507964  0.22073371542901987  0.23198647817459017  0.24334608941973110
  0.25440285566777798  0.26554367866597411  0.27659044700927282  0.28791670723711410
  0.29919901064605048  0.31016305485617707  0.32094686343071555  0.33168601729957214
  0.34254878064921379  0.35324443894527385  0.36410832383876518  0.37508495213992388
  0.38623329452883171  0.39791987391718653  0.40951838528010787  0.42077527624614380
  0.43162520240967273  0.44266676429759427  0.45410042945477236  0.46559818060426228
  0.47693747480797094  0.48801933511145851  0.49874478636309238  0.50928826277208628
  0.52001088166702958  0.53104926293165267  0.54224226495499173  0.55328118331823828
  0.56415704587696081  0.57482572395305287  0.58527230278634457  0.59568221584267877
  0.60606441397848032  0.61628487496951179  0.62620060139346800  0.63613926414289024
  0.64637476305765773  0.65691681657314083  0.66783195541493234  0.67915658264161527
  0.68956892497314048  0.69858879335748414  0.70755106252204780  0.71634965662824834
  0.72473135227308483  0.73291849460723968  0.74129587993378410  0.75001445205131423
  0.75964903510337345  0.76997623748891264  0.78029824265930070  0.79061543217339503
  0.80114822625213489  0.81190564320193426  0.82322876701593928  0.83477581267832557
  0.84536770380701576  0.85638721086991831  0.86718007947760234  0.87778377628734550
  0.88854197626026177  0.89879120054013206  0.90963091332367185  0.92011134896722924
  0.93084399463150258  0.94103817583866700  0.95094577981684003  0.96074612100198642
  0.97058548197546279  0.98050779416048905  0.99031824305046234  1.00000000000000000
 -0.00230854715668199  0.00896978742967767  0.01949899862492571  0.02957776836895841
  0.04028843103502353  0.05088248265581014  0.06202162038922253  0.07265875318127370
  0.08311181622334630  0.09345246862433190  0.10364601972780908  0.11407826107643643
  0.12457953810039833  0.13508263932326112  0.14535721215970146  0.15527829651206024
  0.16537810461942523  0.17600377927659111  0.18680941891901404  0.19710792260138224
  0.20655168385478412  0.21601012405086409  0.22567535343981607  0.23582555179169806
  0.24602444780282404  0.25610997235959648  0.26658303276323991  0.27727884020988292
  0.28777028520268150  0.29798555813065858  0.30820400454878605  0.31887680498230409
  0.32953591405012966  0.34004011416567070  0.35062269867266443  0.36166872799811844
  0.37296216713475455  0.38394258263767905  0.39425078716149314  0.40332878863491828
  0.41197323466720354  0.42084322072732022  0.42940594829572570  0.43801460135576747
  0.44681555775409043  0.45592790762807661  0.46627012280862057  0.47781131709432673
  0.48927144525130489  0.50050011907795866  0.51157772211783459  0.52251582620414272
  0.53342713850330303  0.54452382614674433  0.55607967734405794  0.56803799888152906
  0.57966227638944834  0.59099589742237868  0.60165470866696935  0.61241076053071863
  0.62295460109882239  0.63370206439989385  0.64437365816254466  0.65595807335807410
  0.66729155974878052  0.67794659592125450  0.68822957524743411  0.69869219082031286
  0.70935495829887329  0.72031004202057314  0.73125520194573523  0.74225787238534902
  0.75323679062286497  0.76418072560326944  0.77514031332507283  0.78630250449086803
  0.79757209264171680  0.80879649364568595  0.81945932695271995  0.83037544224478410
  0.84159609880927277  0.85282434649422234  0.86379081084336640  0.87421882736562884
  0.88485982003069230  0.89558848041304429  0.90571975348948530  0.91589600589007258
  0.92615674246160129  0.93636042592017310  0.94628273638230109  0.95630428571504122
  0.96673296266690034  0.97774617538539688  0.98886284549475856  1.00000000000000000
  0.20794425697863655       -1.0000000000000000     
 T T T T T T T T T T T T T T T T T T T T T T T T T T T T T T T T F F F F F F F F F F F F F F F F F F F F F F F F F F F F F F F F
  <DiscreteSampler_grid>
  grouped_processes
  1 # 1 for a reference and 2 for a running grid.
  10 # Attribute 'min_bin_probing_points' of the grid.
  1 # Attribute 'grid_mode' of the grid. 1=='default',2=='initialization'
  0.0000000000000000 # Attribute 'small_contrib_threshold' of the grid.
  0.5000000000000000 # Attribute 'damping_power' of the grid.
 # binID   n_entries weight   weight_sqr   abs_weight
    10   10   1.272173991071675E+014   1.605573529667920E+029   1.272173991071675E+014
  </DiscreteSampler_grid>
