  0.00000003727888867  0.00000006321984755  0.00000008687827520  0.00000010980910035
  0.00000013624821954  0.00000016712607251  0.00000020164347624  0.00000023938705496
  0.00000028242496851  0.00000033595719079  0.00000040101925451  0.00000047807657941
  0.00000056231118432  0.00000065327580274  0.00000075659809665  0.00000087345005970
  0.00000100949718884  0.00000117414192548  0.00000136407393144  0.00000158130731475
  0.00000182154066426  0.00000209315522207  0.00000243300909382  0.00000284849494156
  0.00000334293015595  0.00000392160830843  0.00000457535003372  0.00000526961771396
  0.00000604488774444  0.00000691505037633  0.00000803070870386  0.00000931255577799
  0.00001085352248863  0.00001271895292480  0.00001479973057850  0.00001720264600185
  0.00001996286073322  0.00002310529376469  0.00002646918922696  0.00003032467126707
  0.00003472398222166  0.00003969737772464  0.00004549124391779  0.00005245651340597
  0.00006067677487342  0.00006968874252835  0.00007953086535576  0.00009075657546662
  0.00010398408295605  0.00012029358748779  0.00014039135075285  0.00016379771272903
  0.00019062528834682  0.00022120913430291  0.00025488828514270  0.00029262463939089
  0.00033577586834666  0.00038279951899501  0.00044045149261657  0.00050934274802374
  0.00059153889628983  0.00069517531949576  0.00080444170699836  0.00092573906669883
  0.00106935656494580  0.00123863093182244  0.00144473966928713  0.00168715022258758
  0.00196859491642341  0.00229161254174928  0.00266881206848333  0.00311203053890753
  0.00363145368977009  0.00423559050761818  0.00492422085701230  0.00569436991461449
  0.00656190443737136  0.00755242101688147  0.00871467832957022  0.01007332290125486
  0.01165097419966573  0.01340293480351346  0.01537916197180206  0.01772056105633845
  0.02052284612007133  0.02382778160315568  0.02782687035416748  0.03281529260723602
  0.03912092966361556  0.04734358622337517  0.05845179722801653  0.07462022816118255
  0.10166877033275146  0.18205174633668203  0.50546602950416419  1.00000000000000000
  0.00129148961334497  0.00134328889621986  0.00142165058868903  0.00153975768358189
  0.00166263967924625  0.00177655767900781  0.00189109241358490  0.00200391242067306
  0.00211921962842229  0.00223927597054531  0.00236165253423591  0.00249119741550844
  0.00262639247353182  0.00276924783409525  0.00291637171324826  0.00306903637477781
  0.00322477158107391  0.00338409975054507  0.00355420266730827  0.00373739093419877
  0.00392577006848609  0.00412146073813373  0.00431874950927378  0.00450616598830068
  0.00468214668442088  0.00485662230705993  0.00503454287616612  0.00521041778471802
  0.00538353420175813  0.00555646480100018  0.00573790841693311  0.00592436175624518
  0.00611724883607293  0.00631257144171631  0.00650294792335220  0.00668556302559684
  0.00686599387609102  0.00704287973224806  0.00722248129017233  0.00741027209177724
  0.00761130946124180  0.00780620501233683  0.00802267307988919  0.00824990656611886
  0.00848554559512346  0.00873015279764541  0.00898245572209536  0.00924111958560747
  0.00950503743734794  0.00977272198811801  0.01005368452230826  0.01034999126003083
  0.01066652917238731  0.01099931177932279  0.01134846331334691  0.01172419543080054
  0.01211982617571689  0.01252995243489338  0.01295752193809390  0.01341409450394862
  0.01389603993078336  0.01440096895507806  0.01494250476595768  0.01551569380080739
  0.01610859184257041  0.01674459796704651  0.01745175579085422  0.01818007891154376
  0.01894193967780910  0.01975895266735343  0.02063807376111752  0.02157650373406089
  0.02258173631063593  0.02367351802809602  0.02488315432486181  0.02623471175379654
  0.02770062131309675  0.02928073527549620  0.03100980018558583  0.03296267404078698
  0.03516834535788630  0.03764959722472770  0.04053176329946449  0.04382265647959716
  0.04763452472338794  0.05196228343889664  0.05704103426064222  0.06338273273401017
  0.07129628708084441  0.08142556848414501  0.09532173599147606  0.11578325945512605
  0.14709417469499231  0.20032262897557360  0.32358987012598373  1.00000000000000000
 -0.00687495638235319  0.03782181265762469  0.06755332738401938  0.09519052146136164
  0.11994002376296853  0.14012536733437347  0.15815715573308553  0.17535326646562893
  0.19040384357539744  0.20632014519326777  0.22193575182415828  0.23741359748767957
  0.25176788507050607  0.26541222428542893  0.27929883366150121  0.29309285484630060
  0.30619825297562342  0.31906135776837791  0.33255631146302000  0.34446283231052299
  0.35650154153090957  0.36875485161114380  0.38133889264594145  0.39300751419900654
  0.40438590343999609  0.41535738718942355  0.42605738574035718  0.43676139260263436
  0.44732464027256180  0.45806923311551551  0.46859789634696208  0.47911441595166482
  0.48913610505729738  0.49907227842866442  0.50916502751352355  0.51928744909428148
  0.52941147553636991  0.53916740099381189  0.54866672286049467  0.55808736386659419
  0.56758774007062074  0.57703684827838653  0.58624208492190222  0.59521685521432177
  0.60416165975431135  0.61330532632190748  0.62248507870066239  0.63153483667314669
  0.64056079715010217  0.64932451502753374  0.65747965638512873  0.66558539113797044
  0.67337615103492143  0.68143349241822604  0.68952234255233891  0.69775394460149520
  0.70629047730654526  0.71495925351777190  0.72378641233896013  0.73231944720822573
  0.74097509366967407  0.74969784599185751  0.75811891461577041  0.76637267463330361
  0.77446010484173733  0.78248062270873964  0.79039829906012626  0.79813717754406965
  0.80564440468796383  0.81298764204201246  0.82010775191128382  0.82707015892094471
  0.83406778165561546  0.84113547088863083  0.84831187299605182  0.85561427044259120
  0.86301551598222770  0.87023361649861131  0.87720989734282750  0.88426677957473065
  0.89147329078160820  0.89892237885051429  0.90636249926186918  0.91366228599000199
  0.92081894318148405  0.92787216127916050  0.93508074425552579  0.94226394342335462
  0.94958880220684794  0.95688148896300484  0.96424391579483859  0.97158635000425642
  0.97882654762611399  0.98599776931401772  0.99302592059398798  1.00000000000000000
 -0.00255245874968100  0.00913901453104039  0.01891838291779743  0.03023055879766180
  0.04149510645430924  0.05229446411423362  0.06270675748348058  0.07293294411548994
  0.08360328101341849  0.09440319804178160  0.10511527469183557  0.11627631734093813
  0.12751100058777776  0.13876675949567932  0.14977670441680574  0.16027211350396300
  0.17034220227927294  0.18009361082434175  0.18938826986698740  0.19865912540278963
  0.20803988288997408  0.21800741609697763  0.22815350582739469  0.23816559308676974
  0.24813474289132040  0.25824031056216923  0.26818658218940133  0.27779560283515142
  0.28728925798484006  0.29724975046052515  0.30738016855131661  0.31738773291556149
  0.32748700188072671  0.33773977675249400  0.34802999851742478  0.35808830919771800
  0.36829777617608389  0.37836232835264078  0.38842973069228831  0.39859243873278516
  0.40912783161903155  0.41949033366580979  0.42971800564033330  0.44028628100208383
  0.45152396423135244  0.46264999796937828  0.47366570017312304  0.48469862456320711
  0.49559980958438055  0.50637395827469189  0.51691496243824242  0.52772974742739276
  0.53865570136577734  0.54987342959514474  0.56119202052238770  0.57276377780179211
  0.58377241174542316  0.59474872848924221  0.60559997646854213  0.61620430897195810
  0.62672514442136840  0.63687792522189934  0.64679193166644167  0.65608620358800018
  0.66522711105142573  0.67472241754139872  0.68462991118530248  0.69469230765618228
  0.70461664459035145  0.71470404709391677  0.72511609498542917  0.73543498494725978
  0.74582027824856589  0.75656150365831110  0.76774537160335565  0.77888014294163410
  0.78987822485604309  0.80078339910732999  0.81168454892530939  0.82270225391174212
  0.83365926047347860  0.84435620801255384  0.85526064954886583  0.86636103101565876
  0.87745244421885438  0.88814710413791464  0.89869472403693695  0.90920715860800150
  0.91983953822484421  0.93096677711395148  0.94208159582887574  0.95333213617705126
  0.96484586917739723  0.97659760707779608  0.98836609983510104  1.00000000000000000
 -0.00235418727938166  0.00931741924972758  0.01906297880297509  0.02963917553212563
  0.04040207035898209  0.05193829749073492  0.06282646147298489  0.07299093172021157
  0.08308232652893011  0.09301010179582514  0.10324866801919022  0.11401823070421183
  0.12488452202670844  0.13579702550020267  0.14636678384278221  0.15630543950973180
  0.16616152220461017  0.17578419220239996  0.18567763083951941  0.19552089824235175
  0.20573596528272248  0.21625661512355132  0.22669238312037290  0.23681430367920714
  0.24663621218354306  0.25621252397900912  0.26580851653349064  0.27593595211677341
  0.28679888904277195  0.29796133839843930  0.30889071852568650  0.31941524177860009
  0.32962486603811941  0.33955734804365761  0.34953834465307548  0.35958953098073843
  0.36992736280400912  0.38021110378744316  0.39061940311595922  0.40108197497822828
  0.41153841070084501  0.42183209718525616  0.43197623225082049  0.44210602091202633
  0.45253191983410818  0.46350120476078427  0.47480857719126240  0.48547653781258460
  0.49559294317642871  0.50550434729409410  0.51526845942096811  0.52520763197479214
  0.53518922813497516  0.54569165824683774  0.55658958859383256  0.56781222417909671
  0.57941453095492879  0.59098422443642951  0.60225136091825815  0.61307501035380663
  0.62339034461218978  0.63341502251484361  0.64371358798940359  0.65450967877728639
  0.66568837674778891  0.67687456596642459  0.68809879648860972  0.69924259616539575
  0.71033380292270321  0.72084612383831181  0.73073157421850865  0.74014573848999543
  0.74977108806578574  0.75982798516294647  0.77026061218257358  0.78112456030593347
  0.79232242678665299  0.80402131792125242  0.81531475575288981  0.82632324883976782
  0.83702564541891367  0.84791291590778894  0.85804836315491406  0.86798534016609474
  0.87797939606030095  0.88852394808895163  0.89899172733785304  0.90976480203463861
  0.92141096686918766  0.93386369970465044  0.94563273755855981  0.95686521157653948
  0.96770673115588790  0.97821037121848031  0.98910598154163254  1.00000000000000000
  0.38755879254107217       -1.0000000000000000     
 T T T T T T T T T T T T T T T T T T T T T T T T T T T T T T T T F F F F F F F F F F F F F F F F F F F F F F F F F F F F F F F F
  <DiscreteSampler_grid>
  grouped_processes
  1 # 1 for a reference and 2 for a running grid.
  10 # Attribute 'min_bin_probing_points' of the grid.
  1 # Attribute 'grid_mode' of the grid. 1=='default',2=='initialization'
  0.0000000000000000 # Attribute 'small_contrib_threshold' of the grid.
  0.5000000000000000 # Attribute 'damping_power' of the grid.
 # binID   n_entries weight   weight_sqr   abs_weight
    10   10   3.117789700722241E+014   9.611466452064177E+029   3.117789700722241E+014
  </DiscreteSampler_grid>
