  0.00000003539521025  0.00000006140563910  0.00000008411614567  0.00000010851274297
  0.00000013633586663  0.00000016836338053  0.00000020585235265  0.00000025050749316
  0.00000030076757139  0.00000035524720547  0.00000041724676372  0.00000049101272992
  0.00000058102066943  0.00000069093399087  0.00000082182119662  0.00000096876347858
  0.00000113783870699  0.00000133334997590  0.00000157542704125  0.00000188073661562
  0.00000223454373943  0.00000261006536717  0.00000302469449463  0.00000348773234731
  0.00000400793306614  0.00000461801011288  0.00000531603320588  0.00000610628591641
  0.00000702503635634  0.00000813815827745  0.00000948211954992  0.00001101169586189
  0.00001277418602682  0.00001482578512147  0.00001730552438765  0.00002016633325932
  0.00002331851056285  0.00002694217621977  0.00003113914858979  0.00003595114468175
  0.00004134191994009  0.00004778152174950  0.00005594846481471  0.00006607305088557
  0.00007768720805168  0.00009051694004619  0.00010476157716635  0.00012098953129564
  0.00013981623736119  0.00016175227115219  0.00018746742843721  0.00021670621550938
  0.00024986691563618  0.00029027807936782  0.00033971509755095  0.00039596804994322
  0.00046984072876586  0.00055387206846039  0.00065649618074223  0.00076867254218947
  0.00089169629038943  0.00103085351680287  0.00119248245576236  0.00138032384478172
  0.00159217648496354  0.00183649083384562  0.00212120954538189  0.00248270246764281
  0.00291630142462982  0.00341586583582745  0.00398694284550099  0.00464546892170178
  0.00539809784697719  0.00623451909745019  0.00718653579605817  0.00828338559508873
  0.00962888050059236  0.01108503829351652  0.01279536525193417  0.01454879484222079
  0.01618695629661422  0.01780302506826472  0.01967380137513253  0.02183412355622122
  0.02422634216975332  0.02690166165097789  0.03053966724356173  0.03517278441285240
  0.04105746144375081  0.04873372105099024  0.05917975037156287  0.07524081179646094
  0.10269472290349184  0.17632017625000199  0.50839276982448389  1.00000000000000000
  0.00036175941410125  0.00046047759295406  0.00054553464898380  0.00062817881245256
  0.00071751035580778  0.00080919049346299  0.00090510012091275  0.00101444225139675
  0.00113539565620978  0.00126215914888562  0.00139178826098220  0.00152867163639391
  0.00167457060884677  0.00178002256272024  0.00186752859509366  0.00196776775152408
  0.00206819614540059  0.00218961428379784  0.00234088549734003  0.00251460310490162
  0.00270904252780941  0.00292672931118013  0.00314651436088949  0.00335099196043645
  0.00356244762184772  0.00377357570750331  0.00398036169879176  0.00420007665136473
  0.00442666905079384  0.00464988567451890  0.00485892797474553  0.00506654371442855
  0.00527694524544941  0.00547626908352891  0.00566811617323559  0.00585372008306582
  0.00603567976695534  0.00621510034230462  0.00638945796416973  0.00656305616198656
  0.00674545539500698  0.00693799579480468  0.00713963873713107  0.00735587721910535
  0.00758167085285041  0.00781468208071368  0.00804723315877070  0.00829151776577216
  0.00854028039392207  0.00880249558729687  0.00906987361752608  0.00933563830991010
  0.00963505368247969  0.00996176150034554  0.01029767731796338  0.01064924202233615
  0.01102738552186167  0.01142659546160531  0.01183957990894738  0.01227126850410682
  0.01274142874642416  0.01323300726421274  0.01375135136850056  0.01431111032083302
  0.01490901771418483  0.01554331093076540  0.01621290412724645  0.01692112334619263
  0.01767818893392450  0.01852075710801800  0.01938770704336578  0.02032761174177085
  0.02132890392538108  0.02242532820211259  0.02361559616331937  0.02491268891750016
  0.02636420590545619  0.02799018980925479  0.02976366916891506  0.03168802675337972
  0.03382125000487735  0.03626380270648524  0.03902730257303832  0.04211502351100818
  0.04574043786925631  0.05007785321736851  0.05525471146044979  0.06177456754702541
  0.06976875370156210  0.07967962210270149  0.09325615466926983  0.11219433536069688
  0.14185792445924211  0.19295629581521340  0.31540853403022950  1.00000000000000000
 -0.00469485735527379  0.03102888896954977  0.05989030389264696  0.08496479568942505
  0.10660309250457414  0.12684713017202684  0.14607845762584951  0.16369225856061867
  0.18062931480361435  0.19699932403519432  0.21264431480669754  0.22876291945261729
  0.24589612407071426  0.26136053350138339  0.27589835275717967  0.28986519549089712
  0.30365789826637213  0.31664875697759026  0.32957825237135596  0.34230951428273876
  0.35481064374756266  0.36741222061593154  0.38007241349418958  0.39246490452373156
  0.40441446573260864  0.41587474394363999  0.42677072866699950  0.43767823939935591
  0.44911510416272582  0.46063863198617078  0.47153524306750894  0.48221349323506763
  0.49305933683555386  0.50324464111661504  0.51314257859708279  0.52276131376458013
  0.53221430551653692  0.54138198305413121  0.55035206197650965  0.55942838241949233
  0.56895017937245862  0.57853648503614852  0.58823859714993620  0.59729689644343908
  0.60611951288793642  0.61503748966060923  0.62401959081048775  0.63344157307384064
  0.64308439024981645  0.65307413808138115  0.66330621244020327  0.67322507023716349
  0.68264244768205395  0.69163247023384178  0.70009536595045407  0.70827278891054102
  0.71663472772536174  0.72499064636624488  0.73251301536871460  0.73925227390614701
  0.74607694167018290  0.75285134768861128  0.75943305375168324  0.76597331418069148
  0.77272838560435386  0.77964073326817140  0.78632632428714355  0.79328723564876891
  0.80124484403467044  0.80930727464628205  0.81748624236284262  0.82568394299783887
  0.83375807754415532  0.84166786410958294  0.84948042577490801  0.85724087600832888
  0.86486663444664269  0.87238423315484437  0.87981535750819706  0.88717907041980182
  0.89463489660188567  0.90218345715709780  0.90986265997419524  0.91736946063395530
  0.92451986961425192  0.93151142301319634  0.93843174874587332  0.94520712501201343
  0.95189368009518316  0.95864736869496348  0.96528866784963663  0.97195936657088722
  0.97877757370498142  0.98574954891375144  0.99296981650629679  1.00000000000000000
 -0.00240335573267697  0.00907525291739045  0.01932369996595024  0.02955089326882122
  0.04020873726765380  0.05145908958295684  0.06201464398619362  0.07264509887292066
  0.08321209575846972  0.09474487781364400  0.10528208698545842  0.11538573051553676
  0.12552587623940442  0.13612821555162255  0.14731519409613192  0.15803184397972242
  0.16866163633450712  0.17907810096674595  0.19002735014318523  0.20164626262224691
  0.21300164484765546  0.22352529510239505  0.23406251323978783  0.24472388657272554
  0.25506333222602307  0.26500053967229298  0.27518301233660386  0.28558720981972630
  0.29546355482831060  0.30526115489249134  0.31551945590550928  0.32695914332142317
  0.33891259848946786  0.35045849823824282  0.36116082919973852  0.37129724610464349
  0.38162235738461353  0.39200542783868875  0.40238606789406806  0.41258761038778147
  0.42232140733038948  0.43223532870300985  0.44255695108245985  0.45371598929159607
  0.46429217938292389  0.47450948035655743  0.48482721934121048  0.49571503664523092
  0.50681780080194072  0.51755843187063511  0.52798263573302162  0.53823178064165123
  0.54847228150516425  0.55884014606395027  0.56948392618847599  0.58057637514755911
  0.59190740145362919  0.60340745880195434  0.61489942973335932  0.62640716179451861
  0.63737717951647666  0.64847434489135680  0.65977145629023015  0.67099063984543006
  0.68149919400086734  0.69176230439992648  0.70178906027670107  0.71212402803129815
  0.72285838191651319  0.73373352528418045  0.74448629121035403  0.75517493869734253
  0.76608601334223203  0.77739518114509798  0.78900646747815029  0.80043696489274840
  0.81100730340317129  0.81982062726534177  0.82770696128607357  0.83612119855190425
  0.84502422221500739  0.85360649271127254  0.86170346587309132  0.86965072274112376
  0.87864539918712248  0.88978660095374396  0.90085792480291282  0.91190267187305518
  0.92271074704484546  0.93386036016242346  0.94460788852954414  0.95593061451647943
  0.96696785917059369  0.97829168609252948  0.98922142967918225  1.00000000000000000
 -0.00221635647009713  0.00989985099853502  0.02038822555790883  0.03038973725114899
  0.04062445274367561  0.05128886090619762  0.06228102034638677  0.07259278230336991
  0.08311060885821052  0.09452495113206956  0.10571360566691584  0.11655519418497874
  0.12708226597039768  0.13732027930245147  0.14780541685985712  0.15848506462564227
  0.16949785421198693  0.17981366387990363  0.19062690589951778  0.20189171765849140
  0.21306429548009473  0.22427847467883535  0.23538759751424762  0.24616527455637729
  0.25663969033211476  0.26729148706573264  0.27830691653155321  0.28915513512765095
  0.30001181434303542  0.31094915544336454  0.32109277769085259  0.33092116758260959
  0.34103635695354434  0.35210999019036898  0.36256122654400313  0.37275566562172069
  0.38321030869924405  0.39388154335414649  0.40459296787749360  0.41510019145764859
  0.42561805683090415  0.43609705288750916  0.44617627238401658  0.45623491504789399
  0.46675494964081138  0.47710398002065818  0.48711724434279208  0.49698310095203913
  0.50748602994628889  0.51848099438907869  0.52941650875420154  0.54037885058468160
  0.55106852597626399  0.56143489131356772  0.57164715450754455  0.58205314975780642
  0.59317804192697043  0.60461126650189045  0.61609142866959876  0.62754164502435916
  0.63884651155566841  0.64990172844096739  0.66036947653080325  0.67030936892456439
  0.68014434512706834  0.69049657951818499  0.70148784963769384  0.71152397199018347
  0.72028223477622011  0.72890101491570658  0.73745235454955549  0.74584913278101062
  0.75455922658092967  0.76311789630090354  0.77154054112507731  0.78120044616100004
  0.79200575025232156  0.80350850074360125  0.81575207550527262  0.82775385030341264
  0.83940851397780614  0.85115613069091023  0.86330077036768893  0.87582157062924082
  0.88754532375811779  0.89870240317581163  0.90954351225890673  0.92020303769860357
  0.93036303678869814  0.94030567513527430  0.95024911939285639  0.96018335062068050
  0.97003339917367237  0.97968353133362907  0.98981240753195321  1.00000000000000000
  0.42780935394339886       -1.0000000000000000     
 T T T T T T T T T T T T T T T T T T T T T T T T T T T T T T T T F F F F F F F F F F F F F F F F F F F F F F F F F F F F F F F F
  <DiscreteSampler_grid>
  grouped_processes
  1 # 1 for a reference and 2 for a running grid.
  10 # Attribute 'min_bin_probing_points' of the grid.
  1 # Attribute 'grid_mode' of the grid. 1=='default',2=='initialization'
  0.0000000000000000 # Attribute 'small_contrib_threshold' of the grid.
  0.5000000000000000 # Attribute 'damping_power' of the grid.
 # binID   n_entries weight   weight_sqr   abs_weight
    10   10   2.746790196559539E+014   7.498171177734572E+029   2.746790196559539E+014
  </DiscreteSampler_grid>
