  0.00000003785550618  0.00000006306812657  0.00000008668226798  0.00000011078619982
  0.00000013809963098  0.00000016784495507  0.00000020075628325  0.00000023830060725
  0.00000028114636487  0.00000032919697788  0.00000038317501886  0.00000044517678670
  0.00000051617908499  0.00000060010449033  0.00000069825449649  0.00000081722813585
  0.00000096450454606  0.00000113484976199  0.00000133179105947  0.00000155082702751
  0.00000179772771059  0.00000208746314022  0.00000242759110126  0.00000282862015663
  0.00000332089749348  0.00000388801512711  0.00000453307110116  0.00000528525093740
  0.00000615260187325  0.00000715513426666  0.00000828833056837  0.00000957335585960
  0.00001104474940072  0.00001278558636559  0.00001479341843506  0.00001703935088064
  0.00001972036171182  0.00002315712901015  0.00002722845441826  0.00003168856520170
  0.00003646693830764  0.00004173866953961  0.00004781553377910  0.00005486874207921
  0.00006280057286221  0.00007146543175773  0.00008131809232116  0.00009321533017972
  0.00010685825847782  0.00012286087693417  0.00014068871245980  0.00015990571680237
  0.00018156276982925  0.00020656155294421  0.00023615279084966  0.00027225284508112
  0.00031365498329156  0.00036084277073173  0.00041456549490622  0.00047810295694895
  0.00054853638293984  0.00063032445778689  0.00072267484131612  0.00083095040396240
  0.00096623797000562  0.00113109923020768  0.00133048169766262  0.00156964581187665
  0.00184776710755659  0.00215189026747436  0.00250634780151462  0.00293091713372633
  0.00343633903076279  0.00403925129436664  0.00473549648234915  0.00550692408813651
  0.00645768751813554  0.00751314895293052  0.00874426440613885  0.01014174563678262
  0.01168271784008061  0.01345496119973644  0.01553355568703454  0.01800061057407457
  0.02096694918132228  0.02428581794262601  0.02805264240508484  0.03255512053757957
  0.03810630340184784  0.04553865714536112  0.05570365335964909  0.07252812656252271
  0.10121842822205364  0.17926762296706189  0.50481520923701340  1.00000000000000000
  0.00089977830060411  0.00098550506683413  0.00108167377628700  0.00119012667045526
  0.00130889100982707  0.00143512894188449  0.00155906765955373  0.00167922242405406
  0.00179307942994943  0.00189341559043233  0.00199895764713639  0.00211512371531561
  0.00224765201164769  0.00240450205780977  0.00259095274200417  0.00280012759358446
  0.00299968081376302  0.00318491975670050  0.00335841958942870  0.00351362198379627
  0.00366131464224426  0.00381867348669167  0.00399113380494964  0.00416819356411988
  0.00433749305316644  0.00451196874084858  0.00468484057534274  0.00485211229581383
  0.00502265487617417  0.00519451801653207  0.00536394024335407  0.00553736043983836
  0.00571253633937684  0.00588455885842172  0.00605816375615526  0.00623899378275991
  0.00642526051656551  0.00662043106102477  0.00682896557322923  0.00704133682734042
  0.00725600091810199  0.00746983426992343  0.00768553148082347  0.00790597166109518
  0.00813391685770171  0.00837061978887172  0.00861149151154997  0.00885557434762178
  0.00910293270186768  0.00936177444551031  0.00962893796165208  0.00990821994228489
  0.01021355803046812  0.01052888251158249  0.01087049581355580  0.01124264866529914
  0.01162570522548331  0.01203119870389834  0.01244927006831394  0.01288256733228420
  0.01333175276287632  0.01381018092656316  0.01432801406897839  0.01488452354184210
  0.01547652449811121  0.01609755872352262  0.01675049318152152  0.01744663690373415
  0.01817943749186793  0.01895727395865650  0.01980200489293632  0.02070522144591852
  0.02168601952725598  0.02276632171228862  0.02395921124109791  0.02526795686065604
  0.02669657158471084  0.02825032446089258  0.02997104356019198  0.03185996781484698
  0.03392034331767942  0.03623500850383007  0.03891125623542243  0.04201341624297944
  0.04555225036556783  0.04981776534826281  0.05502651183727211  0.06148722312061906
  0.06934961095572867  0.07975972377234194  0.09348828641056005  0.11250467719753290
  0.14373417917025458  0.19599515420625832  0.32956490293197499  1.00000000000000000
 -0.00555212262940890  0.03792762535973418  0.06779234412045518  0.09284913056651591
  0.11693831690759521  0.13976511071137215  0.15953213865353344  0.17678152166986799
  0.19227342606176512  0.20742622803807628  0.22181728194109443  0.23680576232673439
  0.25144363470482739  0.26538690673933801  0.27931598093350990  0.29307502671998198
  0.30553538334931957  0.31794096340360312  0.33128829400381865  0.34457059789100081
  0.35860954527848354  0.37326967892248436  0.38689159298021819  0.39922765004763794
  0.41088080626979123  0.42244961574141709  0.43328426342320625  0.44359886897291323
  0.45367902258830883  0.46447856467169701  0.47537379988191114  0.48602363149286287
  0.49634691993389740  0.50673178555316734  0.51751586141742567  0.52808130342696524
  0.53844474758704719  0.54880309066316335  0.55890532287778627  0.56771259272773145
  0.57566052388744515  0.58355416751877454  0.59135231910363528  0.59914082729999485
  0.60708511773712681  0.61508028018837968  0.62331240948880662  0.63180260882729700
  0.64027638833048961  0.64852105532081339  0.65673331207266372  0.66517611198872728
  0.67357039138069863  0.68176690034332432  0.69003508837370531  0.69846171600879492
  0.70692792521712167  0.71536047653752965  0.72380734235337163  0.73248568571308459
  0.74097708993502021  0.74940704972152405  0.75725748184309871  0.76557559370901040
  0.77377338623592473  0.78187830139118875  0.78960298653883698  0.79684672787388944
  0.80395701879834347  0.81143772967362104  0.81899168409208978  0.82636368806933480
  0.83346618402653971  0.84023806308154514  0.84711007465681598  0.85427148915790818
  0.86191832094606224  0.86992281378045511  0.87798868365573501  0.88605091354235888
  0.89377816256638221  0.90118280384158300  0.90826010962070536  0.91539962349437487
  0.92263077905574931  0.92984414463535214  0.93693368982418579  0.94386041975199497
  0.95068776855817028  0.95741686478657062  0.96441398033797388  0.97157813852081076
  0.97881489027864788  0.98598447093291575  0.99307420846797345  1.00000000000000000
 -0.00239946547414981  0.01016124467787137  0.02098237020489005  0.03081075370284579
  0.04077408938171653  0.05017578512363047  0.06028755820637023  0.06997554763733745
  0.07955915346560437  0.08959337955527749  0.10087480234531609  0.11267792808024037
  0.12363083098322498  0.13433882615742429  0.14490019737292656  0.15596364878030483
  0.16711502413849846  0.17788493423272633  0.18826061623190449  0.19856364119518463
  0.20881441345856791  0.21889710315213223  0.22891118638861607  0.23929327890895166
  0.25003534903689217  0.26142784709015565  0.27249001733908823  0.28331339702788372
  0.29415940606681323  0.30537531528992223  0.31683779728775574  0.32805855465271971
  0.33896635567988864  0.34965564695263773  0.35971994660990270  0.36946434882208073
  0.37932495810360350  0.38992295201263671  0.40078025014068452  0.41132115748096243
  0.42146494250428757  0.43207121945709004  0.44250536949035224  0.45333863151085402
  0.46501873891115647  0.47722483532237558  0.48978384494602412  0.50153334210181455
  0.51342332254261847  0.52426066024902451  0.53524139957651029  0.54600154894309838
  0.55691461648935559  0.56742855638707523  0.57754613595205473  0.58763194904382421
  0.59735648954752063  0.60804380525814949  0.61927646995748309  0.63071475701646007
  0.64154744409747866  0.65261250690185935  0.66387822572907118  0.67485472614415898
  0.68555215934768521  0.69607312225047968  0.70676733387449953  0.71795258482813551
  0.72905651783084902  0.73942422087117299  0.74942025911762711  0.75964798956742952
  0.76969116274868898  0.77928590493323247  0.78874126646429232  0.79805421562632572
  0.80731583325302825  0.81669887181480094  0.82625528848241259  0.83624068065211599
  0.84637514362500843  0.85690683154487823  0.86773746619389958  0.87802683893693545
  0.88762443154665427  0.89683716090287657  0.90615154567922207  0.91597541820002348
  0.92601556541512353  0.93584290981369544  0.94580463068114839  0.95598224084931238
  0.96658090221884907  0.97732558889505394  0.98849835473115111  1.00000000000000000
 -0.00248506822537241  0.00965731531273850  0.01980611306927701  0.03112829211874553
  0.04230546108226640  0.05236510984245990  0.06292440401616574  0.07305069547253851
  0.08351043410222959  0.09319729503966374  0.10311324432304940  0.11373604874866554
  0.12474574807888680  0.13546992174844702  0.14588139534128994  0.15573948375849264
  0.16530492679846778  0.17471427919265797  0.18470966343239234  0.19516392587188447
  0.20505083861628498  0.21525105960359203  0.22539299791092982  0.23650513170198287
  0.24735314260287106  0.25909876440671159  0.27099837842092683  0.28287171671827627
  0.29438099464077710  0.30632558227915702  0.31727348562858881  0.32780023849796880
  0.33806070751891554  0.34886969293084330  0.35950881034820298  0.37001075283865326
  0.38027277601648907  0.39065144519917899  0.40071544299733675  0.41082738153121318
  0.42119346244233363  0.43204749366163869  0.44273156436281702  0.45353068849759826
  0.46502533026957360  0.47669941995365095  0.48768708443752534  0.49802611099822919
  0.50829881448934655  0.51883557770149236  0.52925414452913122  0.53993941941166612
  0.55005015273667901  0.55978894217649611  0.56905051433099463  0.57843354996646013
  0.58786941228911183  0.59763192381006669  0.60689433416157268  0.61693771260072727
  0.62656527457822775  0.63830091527795296  0.65015475419710600  0.66137016237882007
  0.67249223693495774  0.68274551546965323  0.69360276484400141  0.70443160196567900
  0.71511791695695825  0.72472884136281213  0.73465156529646891  0.74458517995863005
  0.75533687917040804  0.76561029443470197  0.77604705849819211  0.78666366915352848
  0.79766343300611753  0.80899567442550757  0.82033394384128744  0.83112388918097990
  0.84107878305864425  0.85078649283222463  0.86045021046610293  0.87037140901686127
  0.88099292901514992  0.89193042836125658  0.90301933262885237  0.91398936270184838
  0.92517991333251082  0.93693340276376491  0.94795135171265621  0.95900379125799329
  0.96969237911828488  0.98028535170943587  0.99015661623480522  1.00000000000000000
  0.81669667528459522       -1.0000000000000000     
 T T T T T T T T T T T T T T T T T T T T T T T T T T T T T T T T F F F F F F F F F F F F F F F F F F F F F F F F F F F F F F F F
  <DiscreteSampler_grid>
  grouped_processes
  1 # 1 for a reference and 2 for a running grid.
  10 # Attribute 'min_bin_probing_points' of the grid.
  1 # Attribute 'grid_mode' of the grid. 1=='default',2=='initialization'
  0.0000000000000000 # Attribute 'small_contrib_threshold' of the grid.
  0.5000000000000000 # Attribute 'damping_power' of the grid.
 # binID   n_entries weight   weight_sqr   abs_weight
    10   10   2.455553145772252E+014   4.059141549717889E+029   2.455553145772252E+014
  </DiscreteSampler_grid>
