  0.00000003393694144  0.00000005887693694  0.00000008085434475  0.00000010426001961
  0.00000013017626633  0.00000015844867696  0.00000019085958235  0.00000022829787067
  0.00000027211402826  0.00000032507855833  0.00000038538946509  0.00000045304341456
  0.00000052612198089  0.00000061316139250  0.00000071529358266  0.00000083306275859
  0.00000096974218248  0.00000113339102630  0.00000131449411746  0.00000152855501173
  0.00000176541816444  0.00000202269922400  0.00000232153901904  0.00000266377430195
  0.00000304278043561  0.00000347886975673  0.00000400421574671  0.00000461475268801
  0.00000533405307924  0.00000617507623518  0.00000713564449909  0.00000833581771996
  0.00000978608264864  0.00001140091390997  0.00001320613450782  0.00001522565228365
  0.00001745417220301  0.00001994322119302  0.00002285514281525  0.00002630848422358
  0.00003017282544025  0.00003448790754533  0.00003949677080397  0.00004552810336638
  0.00005266382634870  0.00006095896011567  0.00007071024968291  0.00008231004048805
  0.00009598829253367  0.00011170852186847  0.00012947210275208  0.00014921242887509
  0.00017070165850524  0.00019478847023090  0.00022249240339477  0.00025414233516361
  0.00029010870750676  0.00033122703900237  0.00038169170630329  0.00044179612291320
  0.00051123921240361  0.00059250716383707  0.00067998411827525  0.00077618512980898
  0.00088349296729653  0.00101272372116992  0.00116123693649334  0.00133185998583866
  0.00153199820938718  0.00177060170617318  0.00206122112475207  0.00241377170518675
  0.00283406220102377  0.00330987539415886  0.00382442866067650  0.00438922584090836
  0.00505625161293115  0.00581687095945074  0.00667175384008454  0.00766557410176554
  0.00880717420567053  0.01016499347728514  0.01174154793489763  0.01361791534952468
  0.01582943777453751  0.01846397795334756  0.02171940964523950  0.02573680297417633
  0.03105014082382954  0.03823397247295272  0.04842025108174779  0.06361482768481379
  0.08871854182714091  0.15890673491764742  0.52044969625156101  1.00000000000000000
  0.00205147775196122  0.00221376949573083  0.00233211280991075  0.00244593263029007
  0.00255732158744815  0.00266724597798641  0.00277925592088487  0.00289588832544203
  0.00301727512733057  0.00314196986127044  0.00326459306126770  0.00338595756627292
  0.00350644369966605  0.00363029534795236  0.00376703485383419  0.00391477392301023
  0.00406802527947154  0.00422329259899270  0.00437505978166478  0.00452241619129708
  0.00466813720113032  0.00481523822539307  0.00495563333048498  0.00509775341857489
  0.00523417216532099  0.00537305331342813  0.00551295600715333  0.00566118719391033
  0.00581310308512966  0.00596642336024637  0.00612223566110275  0.00628310647191003
  0.00645029127743229  0.00662247176027364  0.00679419658428658  0.00696349721437220
  0.00713545961377795  0.00730713831123868  0.00748448657959296  0.00766625704260032
  0.00785159443660474  0.00804216143274918  0.00823954778832797  0.00843781034192959
  0.00864693796297270  0.00886439156486436  0.00909098192357550  0.00933552787938216
  0.00958306561949351  0.00983653002513485  0.01010411820995486  0.01039068293070190
  0.01069118062586815  0.01100142865209987  0.01132848157446833  0.01166902655479693
  0.01202138306110541  0.01238811794087849  0.01277147893303160  0.01317023888813467
  0.01358477759161111  0.01404070127920928  0.01452377341594022  0.01503287430793079
  0.01557013754188352  0.01614260753206373  0.01675277907406577  0.01739615432377565
  0.01809232276363573  0.01883142642398153  0.01962416223085856  0.02048350081680022
  0.02141254989990693  0.02240285278358876  0.02347906172121967  0.02466322389780928
  0.02596223076163547  0.02737328806809376  0.02892588345039660  0.03064759584961245
  0.03258994613411074  0.03479526475232855  0.03725549535967561  0.04001254509994644
  0.04321347089561627  0.04708123093723999  0.05181854063306107  0.05758710229440542
  0.06468733406699509  0.07412636460425592  0.08718379989147033  0.10699983686446678
  0.14292887764552345  0.23486056652637549  0.81319735459098874  1.00000000000000000
 -0.00839855195765740  0.03462310989504833  0.06123230209896022  0.08679730657778716
  0.11204892152070782  0.13412706867346619  0.15293308001892530  0.17001536692943478
  0.18634484181600461  0.20174721775599216  0.21690226620132025  0.23214022463680367
  0.24704325713867542  0.26133818393594549  0.27453362393459596  0.28697843467417811
  0.29922633712800423  0.31145041206195001  0.32355070518103096  0.33545218698099905
  0.34716662762070266  0.35887738350087306  0.37087170008553771  0.38323518931616229
  0.39566526662009571  0.40767635970178051  0.41924883940744107  0.43037550878660713
  0.44098168419983319  0.45112260774212265  0.46107293636227248  0.47099133455835751
  0.48117493856436194  0.49143178704150997  0.50158864055804742  0.51154581639950192
  0.52139803202037271  0.53130498238193180  0.54117524766133973  0.55092665815681385
  0.56045380520978072  0.56972349001105527  0.57884591393857909  0.58793475762060909
  0.59699999455756880  0.60591515406714191  0.61476046217218849  0.62362282078213283
  0.63243666746533900  0.64123941719929722  0.64996449331195472  0.65852527332334532
  0.66690344389935230  0.67506279923092116  0.68313315161265420  0.69128862634698007
  0.69955465203438005  0.70804246687487626  0.71666818382976705  0.72522897711499934
  0.73366070283124007  0.74192313236284024  0.75012056612990041  0.75824151036741960
  0.76631994427555472  0.77440721216746522  0.78257389042026471  0.79072113396462895
  0.79861071590466703  0.80626544514048781  0.81386941315806183  0.82159875373663083
  0.82958337971723373  0.83774232570931328  0.84582308832820730  0.85368753617194637
  0.86147773469668498  0.86931987605981775  0.87720151141955482  0.88498082163687530
  0.89264065132950743  0.90001438819151058  0.90735065333111664  0.91477272461184611
  0.92205944278951157  0.92925468816187340  0.93640785422413864  0.94375311042250942
  0.95115656175296048  0.95855174532303078  0.96566877186378519  0.97263514724587119
  0.97945631495568319  0.98617956538756391  0.99301091269265596  1.00000000000000000
 -0.00205164653178498  0.00912014524462655  0.01861929758245915  0.02828429055064821
  0.03841968148690778  0.04859852184961390  0.05857860203343092  0.06841683668715372
  0.07836336028373805  0.08847456457456057  0.09886921343428962  0.10942931546268794
  0.12003154491286541  0.13051989487528071  0.14079002462588619  0.15098385802682479
  0.16118226175873165  0.17149376166671568  0.18193857668042882  0.19237420071325095
  0.20291977692452873  0.21368331790557554  0.22481744152322169  0.23585464668737000
  0.24664980342611426  0.25756808475277271  0.26837307008197625  0.27913289534660668
  0.28979562770405703  0.30071796476981688  0.31167582957412826  0.32235322910828551
  0.33278569625318194  0.34359063787793948  0.35440258586275875  0.36532622421147692
  0.37686184294560537  0.38849368209659868  0.39931102727729256  0.40940247367481969
  0.41997720100232544  0.43098851506794389  0.44213646652375993  0.45340927707960610
  0.46458723444879174  0.47550792010364334  0.48593204751430208  0.49625072243442747
  0.50649353671136754  0.51637726221383884  0.52667646717956107  0.53686703483475673
  0.54764459507764407  0.55840048251761265  0.56934160848628179  0.58031211898718571
  0.59131355936813734  0.60225871953712629  0.61281302489901857  0.62352432644461375
  0.63416747620144831  0.64494681976753387  0.65536816125935971  0.66543281286901979
  0.67525765457502540  0.68507504516504925  0.69517579994784084  0.70563480918301724
  0.71594361144179464  0.72597594338207816  0.73623001514686714  0.74677066702210793
  0.75734311234139795  0.76784057302170716  0.77870557410027696  0.78929201019077921
  0.79977514676379102  0.80968373930790316  0.81991379880383630  0.83041350664538649
  0.84082284932503382  0.85091291335008301  0.86063932796531617  0.87075051417874871
  0.88076072710112763  0.89081092761787839  0.90108792240155799  0.91230206130676139
  0.92364603443388571  0.93468693415909854  0.94595403082383156  0.95685376772930275
  0.96813969534691802  0.97898371968346976  0.98966084052796921  1.00000000000000000
 -0.00232723105453977  0.00953786647895099  0.01975696575740175  0.03015525049862102
  0.04079518633458729  0.05105043527592963  0.06175954176458025  0.07264136679175072
  0.08395884555534781  0.09545207152630386  0.10712029740764567  0.11841970309867847
  0.12961718811020168  0.14055630662720778  0.15159575930587549  0.16279555924316708
  0.17370011410016023  0.18441009014269044  0.19497200576227416  0.20552469271595994
  0.21606889595409737  0.22674981307885061  0.23748924198309287  0.24818267005550088
  0.25872627335993076  0.26927752802944271  0.27988186131377557  0.29047686882283874
  0.30100587914257954  0.31150183194462355  0.32194650847960460  0.33225004250086254
  0.34239637481633428  0.35241672408109453  0.36238905783578607  0.37242064139508702
  0.38242994477455927  0.39244496171586341  0.40238786792611075  0.41193345852979019
  0.42116960823261618  0.43049474833882478  0.44066772177887525  0.45114540899365396
  0.46161025374082620  0.47232286937853146  0.48353958648624501  0.49513092358844968
  0.50639210363270049  0.51735824124707497  0.52775381040734348  0.53801558071697886
  0.54833434665778658  0.55875988192159542  0.56928700250551800  0.57986161965841088
  0.59027833079605097  0.60050020887390221  0.61096833828055164  0.62159430401467486
  0.63218703229496520  0.64228218579281604  0.65256308957050613  0.66310155793376657
  0.67365578130085124  0.68391219652330892  0.69400638450001617  0.70431824209251781
  0.71499117198028217  0.72588571760711385  0.73705244663477509  0.74819839200919303
  0.75926409468190903  0.77023642265206604  0.78117382138147340  0.79164907042947930
  0.80164967912437390  0.81169023480353031  0.82191630818249073  0.83256831951564281
  0.84361409968625201  0.85493978132356518  0.86591066872109235  0.87655160282658529
  0.88719726241895080  0.89780607086849695  0.90838329129149686  0.91904092891560041
  0.92985511387674269  0.94003792444554479  0.95001073952620962  0.95998595900493533
  0.97029817424986686  0.98049017545586525  0.99032973317454442  1.00000000000000000
  0.18828731194341244       -1.0000000000000000     
 T T T T T T T T T T T T T T T T T T T T T T T T T T T T T T T T F F F F F F F F F F F F F F F F F F F F F F F F F F F F F F F F
  <DiscreteSampler_grid>
  grouped_processes
  1 # 1 for a reference and 2 for a running grid.
  10 # Attribute 'min_bin_probing_points' of the grid.
  1 # Attribute 'grid_mode' of the grid. 1=='default',2=='initialization'
  0.0000000000000000 # Attribute 'small_contrib_threshold' of the grid.
  0.5000000000000000 # Attribute 'damping_power' of the grid.
 # binID   n_entries weight   weight_sqr   abs_weight
    10   10   3.437516445183147E+012   7.551936956574833E+025   3.437516445183147E+012
  </DiscreteSampler_grid>
