  0.00507400456602490  0.00516977991618619  0.00524194872152998  0.00530031971761407
  0.00537375207971183  0.00546536101708891  0.00559235345763927  0.00571212534719728
  0.00582473731613454  0.00593337762179331  0.00604759534351109  0.00616045747210399
  0.00627495966747644  0.00639227399186569  0.00651207836409317  0.00662513714775160
  0.00673349922685711  0.00684548424274347  0.00696524975723525  0.00708916433041366
  0.00721749387786598  0.00734190059187307  0.00746208227684033  0.00758157538291554
  0.00770115055170219  0.00782706189852512  0.00796132094111344  0.00810122916786163
  0.00824476245922817  0.00838983327117970  0.00852840175797397  0.00866645447470143
  0.00880760094716009  0.00895184770686055  0.00910736254014198  0.00926925655440438
  0.00943234487674151  0.00959992443476101  0.00977051693198642  0.00993945304796558
  0.01011085463226970  0.01028535549908490  0.01047303741184949  0.01067770925859203
  0.01088800104074839  0.01109428604709535  0.01129742038787313  0.01149937099688603
  0.01170157759273436  0.01190519749846977  0.01214857997133589  0.01245546939315492
  0.01275229238407944  0.01304851495925387  0.01334978787288221  0.01366348023272930
  0.01399217884456818  0.01432993844160332  0.01468849264195665  0.01510709995558287
  0.01556238953811495  0.01603499192799632  0.01652771606024064  0.01702547343744724
  0.01751319661161168  0.01805711631555452  0.01868986812829040  0.01937670115550949
  0.02009848450107797  0.02083742851956488  0.02159907237392582  0.02244449821374302
  0.02340576315151304  0.02444769144621576  0.02557283355121559  0.02680631301922893
  0.02819645598653356  0.02969160061378385  0.03121856127717106  0.03287494389638153
  0.03484522884922724  0.03704806130714598  0.03942076172519298  0.04222551463294854
  0.04538446433343857  0.04865393119577611  0.05320764014618093  0.05842801126595539
  0.06507517649828071  0.07330814254188381  0.08411751109007362  0.09936051027755829
  0.12226177375229892  0.16058484846026741  0.24845573710793936  1.00000000000000000
  0.00006249558348811  0.00008735136109920  0.00011520583569173  0.00015779450104323
  0.00020096124480964  0.00024512016239315  0.00029191802867778  0.00034025763002788
  0.00039183521432197  0.00044434441724600  0.00049830358460750  0.00056183950118926
  0.00062852734829202  0.00069634518251411  0.00076854571101092  0.00084366694734856
  0.00092202136439916  0.00100413054666263  0.00109144539625724  0.00118347753317317
  0.00127843385701083  0.00137873948265944  0.00148343992173822  0.00159476628800613
  0.00171423434108648  0.00177577882005126  0.00185294253667870  0.00193407961701074
  0.00201639770646037  0.00209573949390319  0.00219442144341619  0.00231747566615006
  0.00245163940932189  0.00259130348994981  0.00273738376230488  0.00288835765454575
  0.00304163263096000  0.00319811767898283  0.00335983612011875  0.00352807093085527
  0.00369912026172220  0.00387504448498864  0.00405353533460451  0.00423914012644444
  0.00443085482814062  0.00462662124226725  0.00482923604125524  0.00504221261976197
  0.00526045772305334  0.00548264358359196  0.00571996424151248  0.00596895877644388
  0.00623974520962820  0.00653292076973897  0.00685048256836711  0.00718587656627685
  0.00754151785047674  0.00791583471863236  0.00829846063138907  0.00869233265056118
  0.00910895301480211  0.00956047080170464  0.01004557364012511  0.01056363015745335
  0.01112608555360234  0.01173847301213637  0.01240847191523978  0.01312655955306470
  0.01388763957573736  0.01469648927148147  0.01556718317732267  0.01654733416328362
  0.01761928608078082  0.01875679192434867  0.01999077690667278  0.02137129118679195
  0.02286915526496513  0.02452627917768562  0.02636841887228221  0.02841475540915539
  0.03067979745707667  0.03336119144875907  0.03647632164995317  0.04002469717318147
  0.04416898392665991  0.04908547028165595  0.05507562863215214  0.06250138543377252
  0.07184507253036140  0.08407815248240218  0.09972764594691588  0.12068081572924799
  0.15596863628863933  0.21910493544220541  0.36239265041687674  1.00000000000000000
 -0.00265577203637675  0.00939800860503686  0.02058450450652105  0.03135647167766375
  0.04261495973994498  0.05414831921439762  0.06598107713127124  0.07797749043056638
  0.08948206233514665  0.10016825232897451  0.11051004930666614  0.12072807658406172
  0.13027581516664682  0.13934027182121766  0.14864442017098062  0.15810606132107599
  0.16749858871576317  0.17630823737813753  0.18431887786642021  0.19378925675709227
  0.20432804922809988  0.21509618561874957  0.22495609853950230  0.23477246786464517
  0.24465404950990666  0.25469235120820100  0.26499802654302973  0.27542834605812200
  0.28570044265142552  0.29675695089371990  0.30729348176208737  0.31787147671386712
  0.32824709062512614  0.33896294641578822  0.35066314177005209  0.35982912366758418
  0.36818240353059639  0.37639914317113382  0.38426611444618014  0.39217465361377918
  0.40023285774064526  0.40838727304105793  0.41622826770269405  0.42613175247760571
  0.43619939882684233  0.44570526300631147  0.45452825116500128  0.46369373354799009
  0.47351594107130685  0.48261540879787618  0.49145971801682181  0.50051188455278750
  0.51028357901908206  0.52171687213648332  0.53296736826018820  0.54477394702826298
  0.55588743753518743  0.56685356071160298  0.57740862307880636  0.58785239702031289
  0.59790270076794960  0.60837438754893280  0.61911698632854451  0.63030614200582369
  0.64109487606495230  0.65191914655558525  0.66225729018123769  0.67278208693943253
  0.68381441524099340  0.69543474866230981  0.70731707210011108  0.71945717302930712
  0.73176015092746638  0.74377138721086167  0.75564034720126816  0.76720206194824769
  0.77917970624226041  0.79104686622322617  0.80314304011845639  0.81536750123548862
  0.82775231142743178  0.84041056644153456  0.85211161847590244  0.86287893556441908
  0.87309291467893391  0.88322386455009005  0.89362798185396120  0.90445342171201293
  0.91578134943040357  0.92785589901708587  0.94064487022186372  0.95327912872879439
  0.96590298150664911  0.97759491804188203  0.98886495475206726  1.00000000000000000
  0.09998371818774497  0.13524561477601871  0.15564495749151611  0.17120909007763016
  0.18447687117697981  0.19582037751428216  0.20668393571676683  0.21736051972945378
  0.22780252998965450  0.23734878578842863  0.24651896003924759  0.25578400369568255
  0.26499261902123883  0.27410175266949111  0.28326685934802098  0.29301702089225312
  0.30364066580390131  0.31309785698725917  0.32085501404602762  0.32824079678292750
  0.33541106023321871  0.34235815223702226  0.34931338086140762  0.35617554266662527
  0.36275388836531441  0.36909054304568667  0.37536517928822133  0.38163811325271579
  0.38797421497708628  0.39421336153842673  0.40050536903331235  0.40676973884742129
  0.41309672018679533  0.41923645853272962  0.42550647283612486  0.43161229728599221
  0.43757465043164129  0.44391970024624383  0.45080150507374128  0.45793820826459131
  0.46518910767562421  0.47232097635406650  0.47945450430778958  0.48684256749489585
  0.49438997632760379  0.50191512195847754  0.50952979232777396  0.51717705672932202
  0.52469373148783438  0.53209765446602653  0.53905992579360629  0.54630000363690689
  0.55380046073009515  0.56146106740278545  0.56905936284855263  0.57655271135402031
  0.58379144222525547  0.59081695442455506  0.59768150675077270  0.60465405124970795
  0.61126805539162132  0.61770938522228014  0.62386201998085478  0.63034916233962235
  0.63676811318792148  0.64333705940697317  0.65015908992008697  0.65716634477184233
  0.66426937750284953  0.67143289917196336  0.67869064747621832  0.68603808732260052
  0.69329709223583602  0.70058964918757161  0.70789113726515063  0.71528695668724251
  0.72263510987633151  0.73018097837468454  0.73820776879843619  0.74656887513926573
  0.75471574065432268  0.76218135905901430  0.76968268306710075  0.77727705827043259
  0.78507693323131644  0.79265889231146658  0.79983665066285592  0.80691111049646136
  0.81417880233301110  0.82174895955897964  0.82955473333251739  0.83722010823981774
  0.84502318465806470  0.85269151230513618  0.85908146039350441  1.00000000000000000
 -0.00351241734134234  0.01614869501587203  0.03360475886044850  0.05182809951185928
  0.06996077730527256  0.08685482484112228  0.10239333044812371  0.11686738492735002
  0.13032732710135114  0.14356873656631650  0.15762432893308020  0.17246974613326818
  0.18667956747805656  0.20049045002422658  0.21364043887257869  0.22618304005279619
  0.23842076273370352  0.24982102083007773  0.25961269776051615  0.26851246420266134
  0.27688136593140433  0.28533814452320722  0.29338036100201281  0.30150346727234351
  0.30937508200004959  0.31784607838386708  0.32709410762526930  0.33633846949690138
  0.34625554220589100  0.35624234246296443  0.36566770351768224  0.37492293045536251
  0.38426244422548372  0.39357951471908975  0.40247877907253038  0.41128998743334427
  0.42006252161723306  0.42877666590586250  0.43703877925312196  0.44453794888367848
  0.45164245533848540  0.45885961728703339  0.46618189823383888  0.47378103423108525
  0.48121827334100492  0.48807549502705083  0.49452123248206636  0.50127514024274855
  0.50852611469860864  0.51600318227891662  0.52395578939093557  0.53205892946557332
  0.54024064115681192  0.54872172624198279  0.55726147758665390  0.56594159465427174
  0.57438828289549670  0.58245040586222008  0.59065201911129261  0.59873666292006344
  0.60737098438948256  0.61622314577842663  0.62477808024160786  0.63303751640169825
  0.64149429375315337  0.64998106156989399  0.65813515464662220  0.66624295196715677
  0.67474008761638105  0.68387599360056772  0.69187370964552652  0.69876575771510974
  0.70593144839428679  0.71349938219838249  0.72116387432405671  0.72859709408971263
  0.73631327542232383  0.74428034197002046  0.75425370142557591  0.76637352207334852
  0.77885957290969221  0.79140898118174785  0.80444919040883278  0.81788316457227228
  0.83190458480300633  0.84634099046289435  0.86076575703867320  0.87527226106696321
  0.89032483536742202  0.90553853526684236  0.91973062602004407  0.93335879381976883
  0.94847058125277661  0.96517737396748582  0.98231886312137573  1.00000000000000000
   3.9760015374964014E-002  -1.0000000000000000     
 T T T T T T T T T T T T T T T T T T T T T T T T T T T T T T T T F F F F F F F F F F F F F F F F F F F F F F F F F F F F F F F F
  <DiscreteSampler_grid>
  grouped_processes
  1 # 1 for a reference and 2 for a running grid.
  10 # Attribute 'min_bin_probing_points' of the grid.
  1 # Attribute 'grid_mode' of the grid. 1=='default',2=='initialization'
  0.0000000000000000 # Attribute 'small_contrib_threshold' of the grid.
  0.5000000000000000 # Attribute 'damping_power' of the grid.
 # binID   n_entries weight   weight_sqr   abs_weight
    10   10   6.921608476412949E+007   3.662857555520602E+016   6.921608476412949E+007
  </DiscreteSampler_grid>
