  0.00535951914350380  0.00537011107953694  0.00538003752260322  0.00542733549011941
  0.00551386662262801  0.00562477122370037  0.00574085609675401  0.00584482498947999
  0.00593950604681668  0.00603648942113831  0.00612956052893354  0.00622166658700850
  0.00630709983747833  0.00639957942051304  0.00651057802535952  0.00663535346819777
  0.00676281262562104  0.00688910218679997  0.00701554626719884  0.00714294125196472
  0.00726851399073356  0.00739239571978716  0.00751508854870736  0.00763833838974872
  0.00776831215544724  0.00790246065236791  0.00804575607747005  0.00820551200902580
  0.00837572916512444  0.00855934507715833  0.00875021667272066  0.00894289023877915
  0.00913623777000755  0.00933307938292498  0.00952547998423543  0.00971256600845643
  0.00988901161685301  0.01006246281039305  0.01024299989430489  0.01043676775987020
  0.01064714472580147  0.01086759295393014  0.01109832070663131  0.01133614772274517
  0.01156295612677461  0.01178145780691510  0.01199784340525904  0.01222074702519253
  0.01246194992751571  0.01271635168173358  0.01298576915621973  0.01326037011659158
  0.01354271133580909  0.01383120994746666  0.01413411747348235  0.01443459017969975
  0.01474228184770767  0.01507661303439032  0.01542849674289837  0.01578957037079252
  0.01614911803529765  0.01650940630952492  0.01688070000094690  0.01727492241941344
  0.01769560009579008  0.01821004157728832  0.01884105781910208  0.01950200116863440
  0.02015505829245510  0.02080207079527746  0.02146619456762596  0.02227206862348752
  0.02329701282971806  0.02438440190310432  0.02550942139723813  0.02668198917309934
  0.02801365143210402  0.02945374354311577  0.03099495034062026  0.03268873682919380
  0.03462639010877842  0.03677266130267669  0.03907449859733154  0.04175855781042848
  0.04475157371166322  0.04797455886492775  0.05211007269543259  0.05733977430444896
  0.06365303479678679  0.07161518523260815  0.08174120491322602  0.09698423357714372
  0.12131251611726707  0.16225237318387026  0.25286580700387967  1.00000000000000000
  0.00003784016479765  0.00007178357395958  0.00010678101058909  0.00014329014548185
  0.00017847597622900  0.00021417936545910  0.00025436269404586  0.00029821856232487
  0.00034529967311320  0.00039438237411724  0.00044467556608419  0.00049653586870185
  0.00055405240721328  0.00061315167716731  0.00067520086795356  0.00074406066014748
  0.00082009174278199  0.00089923886687646  0.00098146949290643  0.00107994866129197
  0.00118000019220432  0.00128136300031876  0.00138388183908227  0.00149948872383263
  0.00161185214912760  0.00170821498350883  0.00178107805904165  0.00185479319917928
  0.00193364067973165  0.00201572631651385  0.00209780999158617  0.00219351878580091
  0.00232837664420827  0.00249104748922511  0.00264788647765326  0.00280554852267174
  0.00297303514489983  0.00314666057486581  0.00332630656217925  0.00350610728623925
  0.00368408962494951  0.00386954743216623  0.00406501095225343  0.00426525888178243
  0.00448002112876503  0.00469463886445531  0.00491290534805741  0.00513098172431259
  0.00535254605818794  0.00558390976788427  0.00582335191704714  0.00607745716137288
  0.00635745403027588  0.00665889191075113  0.00697836386919227  0.00731829767937157
  0.00766322320172553  0.00802066563156188  0.00840931016448973  0.00882659839708965
  0.00927438826573270  0.00975697594047617  0.01029710411162331  0.01086753871645661
  0.01147179851970562  0.01211107773029528  0.01277973264443332  0.01347023101995095
  0.01418375647037518  0.01497432672441089  0.01589821951914003  0.01695327239239036
  0.01813512950490933  0.01943105391521362  0.02083843006968826  0.02230683760702699
  0.02386969641779198  0.02561886167736182  0.02762269562122952  0.02993139667295947
  0.03255301840170387  0.03560313572553302  0.03914492014050847  0.04334327924406327
  0.04820257129316436  0.05401324100604993  0.06135241394837714  0.07059663508745551
  0.08251192427952506  0.09941194548743221  0.12180835889678940  0.15800105257926839
  0.21451663910390956  0.35604016625268325  0.76268101531109378  1.00000000000000000
 -0.00240991098727314  0.00962022304377643  0.02020881515720301  0.03032981420470720
  0.04082813576365013  0.05115999257420635  0.06152990750763119  0.07213342800775065
  0.08306119912561734  0.09432697820825640  0.10552359706693987  0.11666687670195347
  0.12804146157959331  0.13906965508621910  0.15020236680614660  0.16053850630710217
  0.17244438638870940  0.18381963156882658  0.19421099574263734  0.20432674331007389
  0.21446593111305634  0.22463792407919825  0.23491259376493784  0.24535748444248370
  0.25655021149097346  0.26679038458192350  0.27737263839708204  0.28836446550092676
  0.30051635315923314  0.31249521787893331  0.32396339384729211  0.33547356873716533
  0.34725455434235813  0.35877785350918634  0.36955590816320361  0.38051179356462289
  0.39210861572696148  0.40438896289136678  0.41640569915559578  0.42728603916694591
  0.43749083906708780  0.44817486496509129  0.45872331239992342  0.46973599439400249
  0.48149296402678315  0.49423797727891244  0.50736551898807991  0.51987021099396336
  0.53099025726419102  0.54112550608490095  0.55136868004507333  0.56192434595973251
  0.57382341856869445  0.58567574568673808  0.59837645457541155  0.61172452722473902
  0.62521877166865980  0.63796491090387253  0.64983691240501162  0.66119629835585036
  0.67232548077391541  0.68397469032489666  0.69520270223960678  0.70514954782488948
  0.71411656775097665  0.72318746715692961  0.73276201506829286  0.74434653275539564
  0.75333027896342852  0.75988900007417626  0.76670383018316601  0.77425901078221615
  0.78149135536998060  0.78844151744767454  0.79544384814218849  0.80331179418706045
  0.81087639442454529  0.82141939659640995  0.83309655382696268  0.84490813896406314
  0.85738210927777558  0.86952560152090930  0.88223370493325448  0.89430231095394830
  0.90642104949065661  0.91768439836288529  0.92774654642746035  0.93736982707524075
  0.94702008680384175  0.95783886543174823  0.96538215325338117  0.97243663523704704
  0.97923645507168833  0.98587754449995257  0.99284703321159518  1.00000000000000000
  0.10008871962491173  0.13512584934380181  0.15831280347563573  0.17600660241550550
  0.18959767706763930  0.19989535306221914  0.21015498400334295  0.21983052401858200
  0.22958643215446634  0.23882013842706265  0.24815646133572794  0.25814110091167353
  0.26808383964850879  0.27709456355896256  0.28583484805483872  0.29482307790302192
  0.30391213297743397  0.31266234107239677  0.32162155930576275  0.33091593618423781
  0.34055558359445692  0.34972040115926717  0.35791005762001588  0.36602083874173563
  0.37420372264409807  0.38229091662192211  0.39017587692726741  0.39814433098712171
  0.40579792453033625  0.41418596971049265  0.42295077996756358  0.43175890057832139
  0.44026592168551654  0.44823606451734849  0.45560337031992082  0.46268124536243893
  0.46983638037012243  0.47720217357757516  0.48534393811512078  0.49346614323723947
  0.50103221821858923  0.50861611349479507  0.51617007830594785  0.52384013216132030
  0.53172557219672645  0.53953205750693189  0.54569994012448952  0.55087047665513900
  0.55651055666107396  0.56214897098280003  0.56775714299260693  0.57344001659762922
  0.57913657149147613  0.58453608941029589  0.58957794513873441  0.59503020294157039
  0.60049480570745850  0.60612909245214708  0.61178779655356896  0.61732631525816006
  0.62261113144688474  0.62781354349072649  0.63279992428579213  0.63795672250377844
  0.64308257464894047  0.64891466518725993  0.65411852770238310  0.65945507739778586
  0.66495103078507023  0.67220249493308615  0.68010149934861830  0.68801257694229367
  0.69594642997699363  0.70411322808454357  0.71216918108845151  0.72035298495869227
  0.72869784137098526  0.73681816067629879  0.74443057013404468  0.75162924228669270
  0.75872246313070590  0.76589394926970678  0.77296123227127411  0.77995383682964170
  0.78705618888340034  0.79442360880338936  0.80221520093252263  0.81009177911772301
  0.81789083378169092  0.82547516214121153  0.83276737184161420  0.83972503957481859
  0.84644156412682259  0.85301200190129367  0.85708357390755652  1.00000000000000000
 -0.00400006722473393  0.01592369387324361  0.03326179886922643  0.05029917105865861
  0.06611821118013352  0.08145182900455168  0.09690392060040180  0.11199606959253861
  0.12643085063745918  0.14059395950243145  0.15576236490375245  0.17179415682403879
  0.18755219951144994  0.20250978659488439  0.21714727497997646  0.23024775380789886
  0.24031422108162945  0.25051693529485319  0.26030425855491535  0.26878269094834217
  0.27649378953931908  0.28364210649612204  0.29097192963781293  0.30028840254074074
  0.31063030470503822  0.32124287631992254  0.33215065513477554  0.34309762659774351
  0.35358233935143213  0.36325586678659788  0.37226698398818880  0.38108771218306420
  0.39023693715917246  0.39930993223476896  0.40842800718059780  0.41737063819502462
  0.42620634015161057  0.43467584342335525  0.44309652329076804  0.45179251934691333
  0.45970497481568412  0.46513171510301382  0.47016381730695717  0.47520360416506074
  0.48041779044134769  0.48592437405768069  0.49157875303895515  0.49729520366941632
  0.50315185451885980  0.50912753249934439  0.51529922261417094  0.52169733443317778
  0.53084285279562415  0.53999712367213548  0.54861837383760415  0.55694926938448341
  0.56520273755646033  0.57346330274871893  0.58169241247089565  0.58984029102940883
  0.59783381079508979  0.60590697595504073  0.61474995552568901  0.62376001927945157
  0.63298490012154907  0.64212016269760919  0.65119778935867911  0.66040062369125330
  0.66975908737629797  0.67926934068204958  0.68877126179261583  0.69828382404354494
  0.70732191691358282  0.71530559914004344  0.72278951909137912  0.73036585584298641
  0.73870759421690657  0.74702818903032764  0.75527959448868165  0.76323857421491048
  0.77164736785591703  0.78328501226095182  0.79650685050657855  0.81115353509006716
  0.82510416369638173  0.83806018533985871  0.85058836143529326  0.86352487392307364
  0.87788162591694785  0.89241518423143318  0.91033458788068899  0.92698703840599861
  0.94367108744162831  0.96124195453046313  0.97995741791127833  1.00000000000000000
  0.14492938798301716       -1.0000000000000000     
 T T T T T T T T T T T T T T T T T T T T T T T T T T T T T T T T F F F F F F F F F F F F F F F F F F F F F F F F F F F F F F F F
  <DiscreteSampler_grid>
  grouped_processes
  1 # 1 for a reference and 2 for a running grid.
  10 # Attribute 'min_bin_probing_points' of the grid.
  1 # Attribute 'grid_mode' of the grid. 1=='default',2=='initialization'
  0.0000000000000000 # Attribute 'small_contrib_threshold' of the grid.
  0.5000000000000000 # Attribute 'damping_power' of the grid.
 # binID   n_entries weight   weight_sqr   abs_weight
    10   10   4.963080805279936E+009   9.077565718906264E+019   4.963080805279936E+009
  </DiscreteSampler_grid>
