  0.00000003773938894  0.00000006338266345  0.00000008652747625  0.00000011132721814
  0.00000013869811744  0.00000016848404834  0.00000020105398961  0.00000024098095171
  0.00000028624958152  0.00000033974628625  0.00000040102391200  0.00000046994997248
  0.00000054819160597  0.00000063572966955  0.00000073442602854  0.00000084609447449
  0.00000097454694213  0.00000113876150134  0.00000132474995400  0.00000153650502744
  0.00000177302404663  0.00000203506612169  0.00000235415763175  0.00000274017270423
  0.00000321231999785  0.00000375893389381  0.00000436786161361  0.00000505374604066
  0.00000582193302813  0.00000670039474438  0.00000773267755673  0.00000894416789542
  0.00001038590905710  0.00001211712360984  0.00001411093647133  0.00001640343098590
  0.00001904961879975  0.00002209685814790  0.00002570339363773  0.00002984085284841
  0.00003451106279993  0.00003986486626202  0.00004596573669780  0.00005284228254994
  0.00006090220379930  0.00007018004163701  0.00008088534236710  0.00009432727002085
  0.00010994684448886  0.00012802373184846  0.00014903324723135  0.00017233967202459
  0.00019840268593740  0.00022763474811431  0.00026087525073708  0.00029845445341240
  0.00034192035253568  0.00039326828027391  0.00045240056417415  0.00052146447018583
  0.00060200239016465  0.00070184502102795  0.00081875258268382  0.00096425525888290
  0.00112910205444478  0.00131875172083076  0.00153841549273204  0.00178531157755001
  0.00207044815671383  0.00241325360965545  0.00279999445559485  0.00322577040020245
  0.00372323242818010  0.00431897146967564  0.00501317332957547  0.00573560918441869
  0.00651966594847211  0.00742945121817068  0.00848671263782080  0.00976131191921320
  0.01129535656129143  0.01307902370684524  0.01512288964798404  0.01750323757898870
  0.02039040645952492  0.02386044161662946  0.02780785800103554  0.03221870873322432
  0.03761261264683462  0.04416498630772176  0.05381505085524983  0.06994813461228812
  0.09839295397466909  0.17736544410063995  0.50849738147371137  1.00000000000000000
  0.00098834583419807  0.00116379635509435  0.00129791757117738  0.00142624854019650
  0.00155878239499435  0.00169146573770626  0.00179134507673046  0.00190284447910490
  0.00202388749166918  0.00214642613304549  0.00226971565612720  0.00239088152106452
  0.00251567678230333  0.00264499046108556  0.00278801514998583  0.00294962701946044
  0.00312761198512654  0.00330847051802426  0.00348098444768448  0.00364316719297260
  0.00381669528890611  0.00400633155882079  0.00421759909499260  0.00441914608151204
  0.00462151912973136  0.00481531819941095  0.00499409468770534  0.00517297994148479
  0.00536343511483923  0.00553775744380965  0.00572315983997485  0.00591519023531810
  0.00611035390264624  0.00629765214399872  0.00648118881364943  0.00667315886656163
  0.00686521825035359  0.00706160940489648  0.00725726925145163  0.00745858516556133
  0.00765970252216924  0.00786729301655164  0.00807753014506867  0.00829399971028015
  0.00851665980433826  0.00874790026199520  0.00899419064846982  0.00925426845372886
  0.00952359859319841  0.00981293489219105  0.01011864379407796  0.01043889608634940
  0.01078082685160768  0.01111968671320131  0.01147306401016758  0.01184109383799849
  0.01221960881502448  0.01261871881815005  0.01303939466530282  0.01348918166003513
  0.01397475399118362  0.01449375509261082  0.01504017353302179  0.01560815844326070
  0.01620318692753386  0.01683027428297702  0.01749519536918765  0.01819289280268819
  0.01893664846450161  0.01977708252709880  0.02068305594169615  0.02166134353572531
  0.02271326619406681  0.02383125358650861  0.02505817403842965  0.02640582436446822
  0.02787210427849725  0.02947843690737821  0.03125850640025674  0.03323334741211368
  0.03543633455597030  0.03788528355262916  0.04062880298767386  0.04374181092984851
  0.04738024875170336  0.05170960498414207  0.05694517546349583  0.06316485193523684
  0.07073769323297395  0.08124415396928797  0.09509634269385789  0.11380781024871230
  0.14482990855430769  0.19663415535742773  0.32118278841797177  1.00000000000000000
  0.00291465505655302  0.03239760465163936  0.06161031735724845  0.08619373223053829
  0.10755417041542624  0.12560239271953327  0.14162091593395859  0.15586159942554867
  0.17027595407964893  0.18699007550159319  0.20145837712869760  0.21561620879888146
  0.22916531353680747  0.24250800412461168  0.25615382322109759  0.26979061070281735
  0.28231826034438401  0.29475596986964636  0.30795879700605722  0.32146604420800351
  0.33488997831911338  0.34836254132583805  0.36210996720493782  0.37583084904626085
  0.38891141110631960  0.40087533846173012  0.41208514146528380  0.42280579440117960
  0.43299246430540383  0.44310161075702181  0.45327519233003399  0.46347228945768609
  0.47401048020325642  0.48460275297197331  0.49478624173085123  0.50426723598922130
  0.51348021890563855  0.52283551757266622  0.53273922777248239  0.54268897353705214
  0.55278317947466038  0.56242468842325632  0.57091443242572926  0.57931264621118139
  0.58762472228113360  0.59604691727742398  0.60437620138156067  0.61265193002827634
  0.62099180684990829  0.62957391395278894  0.63820927363172431  0.64685457909438782
  0.65539199888049304  0.66391014232365153  0.67237585142468625  0.68079294936282420
  0.68922123242959710  0.69777261686064196  0.70629167458074926  0.71516045816584106
  0.72391696405697725  0.73250318726914143  0.74098014923909783  0.74922474901615199
  0.75758877968456739  0.76593445215491485  0.77451579704275919  0.78316062144820076
  0.79180811214618485  0.80050545635020398  0.80921561771357453  0.81754911572935585
  0.82557563986352589  0.83347471625765202  0.84120212212450862  0.84894526908244161
  0.85663422975152059  0.86416258866961659  0.87164575830959090  0.87935487838152038
  0.88725138586238328  0.89516938705810267  0.90287244232632013  0.91035211346183698
  0.91788528033837657  0.92555380573528911  0.93340108654247811  0.94093661256581895
  0.94822394828154388  0.95528158539797225  0.96248217268919789  0.96996344310073757
  0.97755315345083071  0.98521112665666322  0.99251242756130076  1.00000000000000000
 -0.00321035521529645  0.01201761151354388  0.02440755195347381  0.03600956999608757
  0.04715641222615338  0.05768227837491614  0.06783775163940352  0.07774502589106813
  0.08761778089414932  0.09741722576192216  0.10733999222711402  0.11738144955043049
  0.12774928617525713  0.13835241817939556  0.14904962722748891  0.16017767789073004
  0.17094648408136712  0.18132110416742303  0.19149987342712024  0.20137261363346709
  0.21136758975707004  0.22101563889839393  0.23077562843319660  0.24119495734178228
  0.25198425649031220  0.26322050578500661  0.27417032275471170  0.28448556967836797
  0.29474620619900244  0.30488284438784385  0.31515209055133991  0.32533948611763064
  0.33517948930613128  0.34516364973107683  0.35488051992366260  0.36470051539581683
  0.37410876646827651  0.38377124003898727  0.39312532181973819  0.40340562108678307
  0.41355778357295664  0.42414879934669653  0.43473502953043125  0.44503190727351810
  0.45533065744380552  0.46572143221211326  0.47646348444862519  0.48694355659605160
  0.49725448680251183  0.50760429075521907  0.51797511667397800  0.52793632634607668
  0.53768165459147466  0.54744396885198054  0.55757142401150528  0.56824059854827358
  0.57949692108795015  0.59100874016510607  0.60250449678208062  0.61388033326942004
  0.62521599855699950  0.63657813098030669  0.64754389486187769  0.65788487214951363
  0.66791452172311905  0.67815760981622875  0.68877998924753170  0.69945320344397299
  0.71003933112321738  0.72073000571326951  0.73150064095207923  0.74218229568684757
  0.75283925572231714  0.76344224105518022  0.77405017377843943  0.78480807437536082
  0.79587016356515283  0.80747827690723151  0.81922005993084257  0.83036374988071582
  0.84104104071724217  0.85062659858086287  0.86006127615005945  0.86936914467794724
  0.87918371730984279  0.88950491775340967  0.89999377267799452  0.91038397542581628
  0.92085053106990422  0.93167957219217978  0.94255166614603103  0.95340932140195633
  0.96462725927451087  0.97633247656199706  0.98832049905983288  1.00000000000000000
 -0.00227870517343769  0.01052373139721558  0.02052816280430815  0.03079890667620287
  0.04075763206752554  0.05070794670873336  0.06051364617572022  0.07066339744921632
  0.08107196316241151  0.09180819934468869  0.10268820426661265  0.11360174522354395
  0.12418233103562185  0.13498812608863259  0.14579024150654629  0.15673506373990206
  0.16772645204200332  0.17840303454025339  0.18861164500520775  0.19831905096107516
  0.20794395176857061  0.21771700377750336  0.22766364267908271  0.23735511541185608
  0.24682476015579310  0.25657201599076751  0.26673512643244268  0.27684017695381136
  0.28674582297262935  0.29662038561536119  0.30696463174519778  0.31763501470589856
  0.32871468083492217  0.33975997892054888  0.35050611737706577  0.36080183434152752
  0.37061187485674330  0.38021801601532845  0.39001770584526962  0.40016626737952543
  0.41022296429735550  0.42005090873501194  0.43001961327785349  0.44077060122092532
  0.45237638689514265  0.46392412409771794  0.47483886757201588  0.48531622963587306
  0.49578699345163052  0.50644178011314112  0.51734510380227139  0.52845429360049023
  0.53956815667989455  0.55027348354568051  0.56054784921171097  0.57083044443593400
  0.58117576935840021  0.59180800686611779  0.60228808060906636  0.61282224084668091
  0.62330831550243404  0.63391331836294940  0.64498385407963832  0.65626450967289118
  0.66724213844063252  0.67791453409034597  0.68863606984231929  0.69946407054889514
  0.71004263062215867  0.72047823779426901  0.73128122109777749  0.74222719681255866
  0.75282264408757282  0.76333192133110628  0.77424910866085239  0.78513991736953559
  0.79596007959949600  0.80644852820456003  0.81686603148589954  0.82744152689314143
  0.83839805267187117  0.84953346745966452  0.86031534975504931  0.87085620259653951
  0.88185220429169209  0.89336155064551659  0.90468896447123037  0.91540032257837645
  0.92562872379188144  0.93566781670319898  0.94569682816520417  0.95587618020878151
  0.96623555358524404  0.97705092504898161  0.98831315606169290  1.00000000000000000
  0.39313307447336254       -1.0000000000000000     
 T T T T T T T T T T T T T T T T T T T T T T T T T T T T T T T T F F F F F F F F F F F F F F F F F F F F F F F F F F F F F F F F
  <DiscreteSampler_grid>
  grouped_processes
  1 # 1 for a reference and 2 for a running grid.
  10 # Attribute 'min_bin_probing_points' of the grid.
  1 # Attribute 'grid_mode' of the grid. 1=='default',2=='initialization'
  0.0000000000000000 # Attribute 'small_contrib_threshold' of the grid.
  0.5000000000000000 # Attribute 'damping_power' of the grid.
 # binID   n_entries weight   weight_sqr   abs_weight
    10   10   1.722184821849673E+014   2.956949486979452E+029   1.722184821849673E+014
  </DiscreteSampler_grid>
