  0.00000003607482618  0.00000005958158752  0.00000008280549335  0.00000010693636255
  0.00000013536601501  0.00000016757839442  0.00000020272240705  0.00000024018829024
  0.00000028105825314  0.00000032601854259  0.00000037800098096  0.00000043965837216
  0.00000051061517018  0.00000059568006774  0.00000070065268095  0.00000082134018370
  0.00000095363478303  0.00000111132586925  0.00000130091693541  0.00000152385088203
  0.00000177790041739  0.00000205374562549  0.00000236948591190  0.00000273111155261
  0.00000315273644975  0.00000364657000379  0.00000421989446415  0.00000487702740016
  0.00000562414586177  0.00000656972611186  0.00000764552813706  0.00000885686330395
  0.00001023710069255  0.00001178251332624  0.00001376640498695  0.00001615811310915
  0.00001887772973795  0.00002207305715354  0.00002589760154301  0.00003031852656780
  0.00003524576442377  0.00004066250870505  0.00004669246759160  0.00005363578479633
  0.00006222390704650  0.00007186809600163  0.00008254528523108  0.00009634807487835
  0.00011199105500007  0.00013030040894598  0.00015049972141877  0.00017337540802547
  0.00019926487653652  0.00022823547436611  0.00026147296105613  0.00030034447652207
  0.00034600403640210  0.00039977748162737  0.00046383389523992  0.00053276137056955
  0.00060680809739554  0.00068530851708874  0.00077881168828729  0.00089433064990215
  0.00103050636484353  0.00119018436890014  0.00137532014523058  0.00158769466765831
  0.00184508090041634  0.00215616190054021  0.00253807315934869  0.00298983193437885
  0.00347651278932892  0.00399505319420567  0.00457033437263587  0.00522590297430569
  0.00599473272021453  0.00688924397640069  0.00792192718270049  0.00914164998623084
  0.01062009795077595  0.01238462200125707  0.01443909807178586  0.01679110768997942
  0.01951744928767171  0.02291176438996296  0.02711517307532263  0.03210942409591461
  0.03808729679996510  0.04595583745416505  0.05736551946600703  0.07451780518655325
  0.10414898588014507  0.18134447812823298  0.50788880209770437  1.00000000000000000
  0.00183306278364353  0.00192512377048061  0.00201779271924988  0.00213392880281175
  0.00227338166313982  0.00242929653283671  0.00258814192416927  0.00273375711390795
  0.00286879313379804  0.00301200756641639  0.00315403854202021  0.00329778277255919
  0.00344100989402620  0.00358459523156681  0.00372230627359802  0.00388688751720596
  0.00408055248687904  0.00425725736989354  0.00441980769319453  0.00458249910042265
  0.00474488487771948  0.00489685876993973  0.00503042511009809  0.00516322070089838
  0.00529473529135420  0.00542454629832007  0.00555615434201076  0.00569173460478737
  0.00583867166360923  0.00599716452974157  0.00615991562756465  0.00632321219538287
  0.00649037498957816  0.00666809130746640  0.00684810432583743  0.00703011904063367
  0.00722180826828687  0.00741764146413573  0.00762009875113456  0.00783068117855375
  0.00804706335971283  0.00826676530404827  0.00848920476596311  0.00871824524132478
  0.00896447790834217  0.00922960893612651  0.00951346484647577  0.00981164396350671
  0.01011774155420514  0.01043633307772956  0.01077519707594443  0.01112936883166325
  0.01149771487074701  0.01187962055178691  0.01227110408134475  0.01266363839107226
  0.01307263861149508  0.01349953488542947  0.01393770830855172  0.01438439311881526
  0.01485958995452036  0.01537333445863456  0.01592319073708702  0.01649757866825391
  0.01709970438339797  0.01773980113127834  0.01842393516393189  0.01915923896625639
  0.01994420933495611  0.02078436424344439  0.02167632822946427  0.02264761710683003
  0.02372869087758008  0.02491077161964590  0.02617613760150550  0.02754629962571365
  0.02906309761232784  0.03074484099002069  0.03259085955209427  0.03459194020057901
  0.03675495421348085  0.03920598201562247  0.04202136496916090  0.04543245057675206
  0.04942702633763787  0.05402089675793936  0.05927747692437230  0.06546757790603952
  0.07336320852979801  0.08437074622483670  0.09889316319289343  0.11894221622964460
  0.15080051303879599  0.20680044013394092  0.33254585823461441  1.00000000000000000
 -0.00424125850759134  0.03035064065676282  0.06104458392155723  0.08534983183763999
  0.10676009628145307  0.12913487767594831  0.15156355431214755  0.17010534465070876
  0.18688133295791376  0.20218817750432105  0.21676856354934262  0.23083208911712008
  0.24550267303301973  0.26078281503826350  0.27581366602609120  0.28983112355564178
  0.30309687719540512  0.31620031227678141  0.32932335270955709  0.34253847797751225
  0.35545800522069904  0.36810286109687912  0.38013210442831757  0.39152550656849783
  0.40238787364885081  0.41304819181983488  0.42338905376952313  0.43346788784243256
  0.44328839473204196  0.45319495644557661  0.46386403628739392  0.47519044305229052
  0.48634779825711122  0.49734989673071672  0.50790342369809383  0.51844314327564578
  0.52879206831258507  0.53885781901785557  0.54877758854225356  0.55834711636153556
  0.56792037773849413  0.57753424152330801  0.58700875540546804  0.59621882889369704
  0.60512688998477793  0.61386943376386305  0.62265972725717378  0.63145101252816493
  0.64012072633006123  0.64877459574945495  0.65732415123080079  0.66587920964563663
  0.67453524542160037  0.68339906088180524  0.69199515353151952  0.70034545842942064
  0.70853290827522153  0.71658188409417767  0.72452134557734893  0.73239795607523084
  0.74020487723500439  0.74800817026611544  0.75588575729342455  0.76374747394703324
  0.77150603889573199  0.77917528609997277  0.78675880983667879  0.79434932566431526
  0.80205355653983001  0.80989080379983713  0.81764267254725076  0.82537910093353006
  0.83320168443182996  0.84113475710251784  0.84914268378039404  0.85692878368502090
  0.86453770635763738  0.87192527648270801  0.87929365860212505  0.88664289667366902
  0.89403174271074881  0.90158132398625679  0.90919838180196511  0.91667246329603524
  0.92399713273098305  0.93099586876974960  0.93780958575482343  0.94443544279982095
  0.95115586053843981  0.95815460581388989  0.96514103136881180  0.97216701770493341
  0.97908325700839960  0.98604238207646622  0.99301399136812218  1.00000000000000000
 -0.00239674908857210  0.00972813665813673  0.01903671466342999  0.02906699920679869
  0.03924829251816986  0.05023313936364845  0.06122918169753072  0.07254084417972789
  0.08370801263172460  0.09425262309210843  0.10544325189452025  0.11698764380442410
  0.12832062988993434  0.13850173158136880  0.14850531060273653  0.15818149470131670
  0.16828329573569142  0.17801044495101609  0.18783969600441411  0.19778425720023729
  0.20872851984781041  0.22108819060249171  0.23264314881004489  0.24301496529551989
  0.25317777547284059  0.26417645716292160  0.27440558888040528  0.28415590975640370
  0.29381576775122076  0.30344834974594781  0.31316983134322468  0.32307044005155433
  0.33330186330992934  0.34382396525828002  0.35466102698605578  0.36616004096484189
  0.37813947879451165  0.38928373354935170  0.40039652301132911  0.41106655302920520
  0.42162984580283230  0.43180770254492801  0.44149704841617105  0.45116267801781079
  0.46112804732899648  0.47144514867520948  0.48234052953856726  0.49264297532789991
  0.50304969605943106  0.51317360983203941  0.52409392379467667  0.53515752114996618
  0.54634724178660588  0.55723560503984015  0.56824028083255906  0.57893547854122873
  0.58925784227450095  0.59934112714812571  0.61023560138681809  0.62180431375246159
  0.63329447898373470  0.64444569976531563  0.65561122041555797  0.66665446442561427
  0.67712967425102777  0.68728225150237443  0.69727729826568530  0.70752847911215166
  0.71751352602840268  0.72755070645398268  0.73767328088299899  0.74785911142744366
  0.75811310672970611  0.76860376574842304  0.77962883523541737  0.79055624975250538
  0.80068966319706913  0.81036714481651406  0.82046156181238483  0.83046102321011916
  0.84047956646472222  0.85047329532235927  0.86098090124569382  0.87221681316629152
  0.88292513941962059  0.89364245989441526  0.90418742342940239  0.91487322277669048
  0.92547214029684788  0.93596936455102875  0.94600968785795470  0.95650742989320936
  0.96735378493566249  0.97848746430854117  0.98925909392067812  1.00000000000000000
 -0.00274411484137064  0.00907092663429780  0.01961165487475703  0.03066604554954265
  0.04196950177411791  0.05342916259253571  0.06434563637802308  0.07499898302891796
  0.08550411577444583  0.09617990149023806  0.10698814202433898  0.11779671851380087
  0.12897066832062287  0.13990355208902461  0.15029228915221074  0.16049293062627110
  0.17117114584554852  0.18223153790023719  0.19303240839018448  0.20387008263621606
  0.21525032693997265  0.22727096786142723  0.23907955445655582  0.25031772888223564
  0.26116860648892798  0.27201574728061645  0.28285344587327560  0.29408302526474067
  0.30537545696139062  0.31681837851614675  0.32823962717530858  0.33975617664426055
  0.35100471146492462  0.36158460670693277  0.37228740565469659  0.38324211835049043
  0.39465960153221968  0.40642115253653927  0.41784504008887963  0.42909057919141219
  0.43999505476657447  0.45108647800493989  0.46177158436589077  0.47177734830504470
  0.48137694588907742  0.49077344293543212  0.50044338379748032  0.51022281742208442
  0.51949229830648780  0.52871742722711823  0.53811500033383086  0.54799764352455815
  0.55828700471643677  0.56871354958803277  0.57933781535187989  0.58973149747639420
  0.59987828059075787  0.60989747514097270  0.61980723564487838  0.62971752193814201
  0.63974850923446702  0.65016445599951089  0.66094612874718794  0.67167332061761786
  0.68252653146283937  0.69368581245572114  0.70503142055292489  0.71623871754728630
  0.72689147979406799  0.73702271856573398  0.74697861746388905  0.75697652735810694
  0.76696056663569012  0.77684230356474060  0.78673238198276563  0.79690197426551679
  0.80729495652056182  0.81767740818384893  0.82811776360262124  0.83833314252495827
  0.84835625422985605  0.85816229650701548  0.86777231042030312  0.87736334356167123
  0.88692985571528593  0.89660948377882332  0.90658612017022977  0.91709260347177202
  0.92842471492466472  0.93964392251557949  0.95032288077290528  0.96051715461731424
  0.97069837034305262  0.98082426521334021  0.99058837022582369  1.00000000000000000
  0.38239339095718206       -1.0000000000000000     
 T T T T T T T T T T T T T T T T T T T T T T T T T T T T T T T T F F F F F F F F F F F F F F F F F F F F F F F F F F F F F F F F
  <DiscreteSampler_grid>
  grouped_processes
  1 # 1 for a reference and 2 for a running grid.
  10 # Attribute 'min_bin_probing_points' of the grid.
  1 # Attribute 'grid_mode' of the grid. 1=='default',2=='initialization'
  0.0000000000000000 # Attribute 'small_contrib_threshold' of the grid.
  0.5000000000000000 # Attribute 'damping_power' of the grid.
 # binID   n_entries weight   weight_sqr   abs_weight
    10   10   2.807899968254110E+014   7.765754401868007E+029   2.807899968254110E+014
  </DiscreteSampler_grid>
