  0.00000003358440940  0.00000005861370025  0.00000007937769662  0.00000010178348818
  0.00000012625625869  0.00000015411510211  0.00000018632705579  0.00000022467495886
  0.00000027025319287  0.00000032464931373  0.00000038884268345  0.00000046189983029
  0.00000054223821990  0.00000062806358379  0.00000072883566170  0.00000084447305708
  0.00000097334855005  0.00000112912070005  0.00000129967273736  0.00000150116503782
  0.00000172910186827  0.00000200776317514  0.00000232450767503  0.00000268664147806
  0.00000310984847494  0.00000361992452485  0.00000427510345279  0.00000506262439217
  0.00000590828612967  0.00000688692740972  0.00000800823815461  0.00000925599709270
  0.00001068061228022  0.00001234421602107  0.00001432081944950  0.00001660195724010
  0.00001914444362925  0.00002198158014445  0.00002525268418522  0.00002905488944246
  0.00003354765975873  0.00003909059617288  0.00004566771914615  0.00005316349975688
  0.00006185137659279  0.00007165424104652  0.00008292483066518  0.00009548181014123
  0.00010958059129278  0.00012667894889463  0.00014710022448598  0.00016941001877992
  0.00019417909523069  0.00022344587810309  0.00025770884107644  0.00029858384525657
  0.00034665174376952  0.00040123413646343  0.00046489106494073  0.00053584208206401
  0.00061646191858979  0.00070770773157184  0.00081185034192988  0.00094060128212762
  0.00109962007089412  0.00127788067653178  0.00147209779597564  0.00170275793262666
  0.00198141380101445  0.00230952807577654  0.00267992192402099  0.00309324813162348
  0.00356545219622544  0.00411772164526812  0.00476911533470465  0.00553092746351940
  0.00639924731703573  0.00739791701604236  0.00855642903293837  0.00986456724193753
  0.01134550684593252  0.01309086782553275  0.01512001569664142  0.01746278908917440
  0.02027449916750198  0.02353868024821106  0.02747166998218913  0.03233697136210085
  0.03808285208319633  0.04559021527945611  0.05614547457999794  0.07188644521979727
  0.10140265884784480  0.17477355326768251  0.50863610994281738  1.00000000000000000
  0.00126630723901333  0.00137308635787902  0.00145604482438766  0.00153867706970661
  0.00162437697812654  0.00171891191307134  0.00183401187230085  0.00195354459826587
  0.00208110412426674  0.00219959247255563  0.00235279112430060  0.00252763390883909
  0.00269513177947223  0.00287158677214350  0.00307167624378702  0.00325864792186132
  0.00343427761478016  0.00360606200945594  0.00377747369612613  0.00395259427035941
  0.00415417651682416  0.00436860654884572  0.00457344062875472  0.00475722697425946
  0.00493400078658895  0.00510763631420421  0.00527148134954779  0.00543304648847766
  0.00560257340338367  0.00576703915500115  0.00592358595626210  0.00607918878951680
  0.00623862368405385  0.00640308287100683  0.00657637537929067  0.00676069149564474
  0.00695406318854094  0.00715552815722854  0.00737329752105908  0.00760291366577563
  0.00783122431808920  0.00805775538235978  0.00828358625691209  0.00851001126790656
  0.00874174445474022  0.00898493985840901  0.00923502231965289  0.00949865954013451
  0.00977587052530617  0.01006069437412625  0.01035684094552168  0.01066021316476758
  0.01098729398099562  0.01132755292297126  0.01168020163050876  0.01205058342999603
  0.01244135072747499  0.01284963333587618  0.01328910279135917  0.01375768789679320
  0.01423950588074647  0.01475554226522773  0.01531870977889051  0.01591808778599572
  0.01654638346662400  0.01720888582207381  0.01790749376301157  0.01864166956371647
  0.01940648554981742  0.02021156257800417  0.02109741018829500  0.02205552113651800
  0.02308305526630031  0.02419118247155881  0.02539643234715671  0.02672918612505517
  0.02821657726631337  0.02985761983091294  0.03167416096465271  0.03368463984394757
  0.03593864644412784  0.03840682420227279  0.04116267315870129  0.04435550352967433
  0.04814448381901443  0.05252961913646766  0.05775357711416867  0.06422354326827534
  0.07221000197995085  0.08256726483276391  0.09656101925229274  0.11609846820293379
  0.14553265201487037  0.19807655511993591  0.32353416747276120  1.00000000000000000
 -0.00628441806939370  0.02930633754560135  0.05728525657124530  0.08178770643189069
  0.10445134036770112  0.12364342492148127  0.14173004008583792  0.15828555919221268
  0.17384520652064556  0.18886251264415846  0.20370864867113198  0.21845869851540603
  0.23334090542858643  0.24855776464589033  0.26348792328394238  0.27804064448408811
  0.29210918247089163  0.30578981989108472  0.31905812219324498  0.33176884293299735
  0.34410397698939188  0.35625551109457632  0.36842297683263592  0.38061541044285685
  0.39265149681260003  0.40473179383812441  0.41687512454201725  0.42902735849334955
  0.44077049845188926  0.45191915566704655  0.46213303908069164  0.47125548067389811
  0.48050601740233562  0.48962524855927803  0.49852662876308834  0.50765402662687364
  0.51694132245869462  0.52654610323910767  0.53653924079986881  0.54646962214327977
  0.55664629352527728  0.56672202130519556  0.57648655797598181  0.58605118214893581
  0.59526416270554594  0.60416005558127861  0.61248443206643965  0.62052806399015092
  0.62861065820294082  0.63689855142697238  0.64528735845563412  0.65377975174898506
  0.66235494560156938  0.67133379298757279  0.68076344439208658  0.69005395388702817
  0.69905964984106450  0.70778511380527132  0.71627201719268474  0.72456416971265813
  0.73271955232559161  0.74086788250699120  0.74892350832253074  0.75691620260762504
  0.76491494044621733  0.77299105724515538  0.78118178882151279  0.78925684926255790
  0.79719830481667953  0.80525828258182375  0.81331389941050347  0.82132560533781862
  0.82928580810675223  0.83692130703894152  0.84425038589479495  0.85170789947033554
  0.85929202082167611  0.86686862911986051  0.87446527266131469  0.88198873173069392
  0.88967064434970755  0.89731586946118935  0.90507708643313867  0.91295215431020493
  0.92079216484110249  0.92873824562386420  0.93648245444420553  0.94369632771248113
  0.95061036546021727  0.95755159882500007  0.96454622989115624  0.97180615964585859
  0.97913014053287228  0.98627036272795576  0.99317966037437733  1.00000000000000000
 -0.00254461357343974  0.01157553454733752  0.02357869084005476  0.03562886357057108
  0.04646201766769631  0.05694603626028467  0.06764704965583032  0.07863610063608656
  0.08916003473818059  0.09895114558950834  0.10875082364685237  0.11900336112293299
  0.12969151299632115  0.14055214514482064  0.15121353671463311  0.16175743530459347
  0.17211685879909580  0.18262071822191595  0.19320153563691403  0.20413807974069592
  0.21547602125776616  0.22665951620871788  0.23753443647775702  0.24838329402352849
  0.25958980830086736  0.27061712335770277  0.28066511205669609  0.29088975296221414
  0.30152316851573080  0.31253694896793044  0.32316271903701510  0.33356990561184802
  0.34341335711957205  0.35304518962464604  0.36254175547508477  0.37229083986720035
  0.38159575706434540  0.39050547304489214  0.39972745974876472  0.40950610746348942
  0.41959020814737663  0.42965637516675648  0.44011034570623969  0.45136508336428904
  0.46189050604979820  0.47215359509986787  0.48244268306653476  0.49298502223136664
  0.50350229381178391  0.51387647378863632  0.52450793331120782  0.53502768087864327
  0.54545961258637166  0.55591415170280267  0.56676692930651051  0.57757806150621871
  0.58843220580421174  0.59931398580466977  0.61027080386818833  0.62097305234199407
  0.63179865184633710  0.64263946819870388  0.65326052219663699  0.66374831978002602
  0.67409534418145345  0.68469404239754994  0.69535387911075053  0.70611110536039046
  0.71688013577033516  0.72760964233113046  0.73847017965012973  0.74946736029655403
  0.76032808404588215  0.77085766114434040  0.78127804345861152  0.79201346320054267
  0.80238465065773468  0.81227039717574867  0.82157291359836093  0.83098521858631436
  0.84074099387703194  0.85062731810539194  0.86084039364839671  0.87081135776905272
  0.88111793785659098  0.89165013383873870  0.90244223094858944  0.91362000768811547
  0.92466764202642471  0.93539008192291317  0.94541280505437841  0.95598035243424795
  0.96727926379559859  0.97838736614290123  0.98916383446898026  1.00000000000000000
 -0.00215371641721880  0.00928014854154898  0.01982653565490504  0.03070121899156541
  0.04231848068190110  0.05425505145651591  0.06599329668217870  0.07795926265587105
  0.08949082658703475  0.10075042102349635  0.11136600973398969  0.12165229174738719
  0.13150390363043518  0.14078077552114238  0.15037478294694157  0.16015421429579202
  0.16992327815995836  0.17960303219170237  0.18933245204129140  0.20019881774979795
  0.21119819122471811  0.22190930045517659  0.23220473035885059  0.24251370800353120
  0.25266226610934783  0.26281077236314532  0.27326416990044361  0.28392017075460740
  0.29494005001966200  0.30599889726225443  0.31692667045553791  0.32758101779234305
  0.33835635571000489  0.34933638552020752  0.36003725968288808  0.37020905331652387
  0.38039125373906685  0.39106765203202548  0.40230609212336765  0.41353819959282856
  0.42433667747461856  0.43518086158060637  0.44626304045344928  0.45685992985533841
  0.46685750586547925  0.47675549028207492  0.48696391772265391  0.49745992769433423
  0.50775374244246119  0.51805739250523142  0.52855256923940086  0.53916198217688138
  0.54947263187223816  0.55941891160643753  0.56945612321749661  0.57958052777108782
  0.58982401258576012  0.60021824540219437  0.61082588651545611  0.62171910810514397
  0.63238616961511829  0.64254095193356997  0.65258953286745858  0.66260342390547033
  0.67296844337282369  0.68366107572003598  0.69454898396415721  0.70561596962286366
  0.71682466543265755  0.72795363906219224  0.73868058746728049  0.74890962027115249
  0.75886339957847337  0.76896141915446781  0.77928660366220748  0.78954416291704244
  0.79965119659444761  0.80977700820465393  0.82019406822166985  0.83081077765439748
  0.84103999183429501  0.85100331739401591  0.86093712928805044  0.87117920965572149
  0.88185978250901775  0.89305626864587528  0.90424793067695841  0.91509017274813986
  0.92543431887650829  0.93545602038514897  0.94571649855984818  0.95628039505458484
  0.96726013750011453  0.97824867294234963  0.98914006650889652  1.00000000000000000
  0.38339155978892225       -1.0000000000000000     
 T T T T T T T T T T T T T T T T T T T T T T T T T T T T T T T T F F F F F F F F F F F F F F F F F F F F F F F F F F F F F F F F
  <DiscreteSampler_grid>
  grouped_processes
  1 # 1 for a reference and 2 for a running grid.
  10 # Attribute 'min_bin_probing_points' of the grid.
  1 # Attribute 'grid_mode' of the grid. 1=='default',2=='initialization'
  0.0000000000000000 # Attribute 'small_contrib_threshold' of the grid.
  0.5000000000000000 # Attribute 'damping_power' of the grid.
 # binID   n_entries weight   weight_sqr   abs_weight
    10   10   1.008205754045327E+011   9.559490858011671E+022   1.008205754045327E+011
  </DiscreteSampler_grid>
