  0.00000003639065559  0.00000005871125223  0.00000008101624817  0.00000010587409809
  0.00000013423875958  0.00000016590372466  0.00000020056335757  0.00000024455683167
  0.00000029098250908  0.00000035000514739  0.00000041712165841  0.00000050304241635
  0.00000060013636227  0.00000070194361986  0.00000081184856446  0.00000093082629446
  0.00000106404291638  0.00000121949793647  0.00000140550968939  0.00000161700839066
  0.00000186922099600  0.00000215824256576  0.00000249143895906  0.00000287722418623
  0.00000334239715054  0.00000389750612254  0.00000452723175892  0.00000522941420273
  0.00000602714329987  0.00000693832746982  0.00000798871525876  0.00000924825416950
  0.00001082905184315  0.00001269678496772  0.00001485514930103  0.00001731118742121
  0.00002007935522340  0.00002326003340293  0.00002683956102539  0.00003095255570738
  0.00003559913884936  0.00004082442021904  0.00004711626831634  0.00005427892646403
  0.00006283329378221  0.00007234364252997  0.00008317728736310  0.00009565369755598
  0.00010994669918500  0.00012655215394378  0.00014604753734708  0.00016966690194525
  0.00019755117021097  0.00022920396537918  0.00026432784134472  0.00030406763736842
  0.00035011986818810  0.00040249877831121  0.00046132189271491  0.00053015046661390
  0.00061232689626484  0.00072021816366530  0.00083937148797870  0.00096969414499296
  0.00111216374061423  0.00128572340515536  0.00149302404527282  0.00174384564600792
  0.00203940732088772  0.00236942029706180  0.00273621253512932  0.00317054257657446
  0.00368863674595143  0.00427180250451426  0.00490563047393237  0.00560455560918404
  0.00640562088668134  0.00732048214347424  0.00836787268246393  0.00956775273832480
  0.01092000253290770  0.01249458570426843  0.01436258100810316  0.01657642124025947
  0.01934807032741723  0.02288267025216228  0.02723633351905427  0.03247633480933068
  0.03895474283051207  0.04730557481727533  0.05860922343642706  0.07477831851364099
  0.10459100335724794  0.18007759974975007  0.50893164328926987  1.00000000000000000
  0.00154438626238828  0.00174182688014601  0.00190337683905024  0.00205903115519578
  0.00218928451441787  0.00232617487549142  0.00248944491009918  0.00266968894547470
  0.00285254562797478  0.00309169736665439  0.00331971578943557  0.00352174162280217
  0.00368356902629943  0.00384812439339402  0.00400456630325570  0.00415678245802162
  0.00431000032184721  0.00446492477938993  0.00461852197520518  0.00477506303036978
  0.00494368073765092  0.00511007418998170  0.00527334782187411  0.00543051486603401
  0.00557808249330750  0.00572046426656840  0.00586147604640644  0.00600350827980826
  0.00614914139347356  0.00629980829985826  0.00645151621380279  0.00661074613128599
  0.00677452994690438  0.00694448720450242  0.00712202849277650  0.00730399269378757
  0.00749033595343829  0.00768121311611475  0.00787601513546058  0.00807928744316400
  0.00829059773845471  0.00850572788287568  0.00873665522141509  0.00898006176825277
  0.00923640283090057  0.00950325210628844  0.00978386532327462  0.01007713259206112
  0.01037125264846146  0.01067840536932044  0.01100359820598173  0.01134058800050336
  0.01168739779547074  0.01204179289394074  0.01241419348994297  0.01280967727535820
  0.01321997255293030  0.01365443916912514  0.01412021345684441  0.01461548256277573
  0.01513655666939101  0.01568174746157539  0.01624762763484871  0.01683963349073636
  0.01747569907597170  0.01816043656740489  0.01886514254339463  0.01962850182517985
  0.02043126056399360  0.02131113240156108  0.02226604611213364  0.02327292850231530
  0.02432485761898753  0.02546663662780987  0.02673539136803494  0.02813513035211456
  0.02967190008527067  0.03135569932463132  0.03321335821096862  0.03533198593708307
  0.03774189283798002  0.04041251460025012  0.04333443620174718  0.04667772700658188
  0.05056372327557891  0.05508087738334280  0.06055007447913333  0.06712860487987833
  0.07512864581937118  0.08586671395566214  0.10046671906691956  0.12008477679372909
  0.15044808388761161  0.20469406123232775  0.33128999831557299  1.00000000000000000
 -0.00562753649691179  0.02818592766053720  0.05335748824631840  0.07788762659775857
  0.10133085059269095  0.12153704947388463  0.14080406546479704  0.16016932366346681
  0.17944143158665685  0.19796347768457867  0.21503480433946726  0.23041220727773756
  0.24492545186628312  0.25938559998171251  0.27429554534968703  0.28986747738476948
  0.30582017489543079  0.32138620111718924  0.33586931726264169  0.34870901625792355
  0.36077233402207615  0.37230892569576202  0.38417958388085560  0.39591347617638262
  0.40739372872979313  0.41860137060934194  0.42943622225726225  0.44003661401623795
  0.45023101045406649  0.46052693384079063  0.47109338269113682  0.48181723848968416
  0.49271930003463338  0.50335487433114401  0.51328066158452434  0.52271577964474403
  0.53188744814359845  0.54105027988708221  0.55026063360223931  0.55951168649476246
  0.56895494237301181  0.57846245135727736  0.58799287884760665  0.59752783936682285
  0.60671987464972177  0.61532443380301294  0.62368324398293207  0.63208801409594917
  0.64091712824855585  0.64996003285672510  0.65893959134412339  0.66796953110826474
  0.67685131282649702  0.68571723820396080  0.69405592339468447  0.70193379256909560
  0.70981181831560602  0.71780458326450991  0.72587174039179736  0.73427492749004131
  0.74239221259185617  0.75063130487345897  0.75874710928445332  0.76690847302219189
  0.77477438095272844  0.78266895803978309  0.79018732786170065  0.79775203133850670
  0.80546698856817711  0.81358689142659202  0.82185475005798525  0.82948927900649627
  0.83708035649112378  0.84481136540142787  0.85266867054113737  0.86024270780639922
  0.86751988658006385  0.87470543382803689  0.88210415261946684  0.88971670864043029
  0.89734711467506889  0.90491263580991332  0.91261079697286507  0.91987010382397894
  0.92710301787656801  0.93428308496316370  0.94118609396562902  0.94789733304580848
  0.95456073595906410  0.96120043946595579  0.96777132961993295  0.97434261851562753
  0.98092153112403535  0.98729943474062698  0.99369720360523306  1.00000000000000000
 -0.00221791504958732  0.00822211704639041  0.01746383991232280  0.02701530583616500
  0.03633687947385756  0.04551929334234722  0.05523571908693513  0.06539230656536368
  0.07581020023034725  0.08636455871475700  0.09724154950234228  0.10752350676540309
  0.11720302916767757  0.12698174595627038  0.13723633329003831  0.14804747260923132
  0.15903890474067495  0.17002108009531006  0.18114494465887418  0.19201261967175162
  0.20236057289661505  0.21276007397722196  0.22331274179872643  0.23407577743513527
  0.24447052157573787  0.25501161875583706  0.26589338624680758  0.27704214115797254
  0.28783021126222980  0.29908653954962483  0.31049588383683974  0.32138874285138597
  0.33186803387391905  0.34223478608118396  0.35260061944132087  0.36310115368783175
  0.37371168305139302  0.38410624360885270  0.39442451698809705  0.40491744938528840
  0.41540068905022598  0.42561776991380512  0.43572099345593901  0.44622999820062259
  0.45685408829900470  0.46693115730794460  0.47649327065312463  0.48633377135200451
  0.49647901234450836  0.50680753284254021  0.51712436459650535  0.52777435642906412
  0.53850238188116595  0.54902197768389494  0.55922461780363975  0.56923020622045717
  0.57891354892163471  0.58863097425356159  0.59878430444444775  0.60945484492259061
  0.62043135096688740  0.63201492896923950  0.64374603132858965  0.65459562135151306
  0.66498985943779598  0.67585014926045284  0.68660244048144048  0.69734120489730977
  0.70839563994550725  0.72010569257834156  0.73175351453180426  0.74311212253622161
  0.75399365572081389  0.76491793870988500  0.77627068582728120  0.78794229068813104
  0.79930246578112774  0.81000824301789298  0.82029351107082327  0.83021204898149670
  0.84022713948564676  0.85037631089193211  0.86067468718634121  0.87102107437779919
  0.88138011263820104  0.89210447396890769  0.90312169960405830  0.91424124767334725
  0.92503266727664846  0.93552889916766158  0.94610668132239706  0.95707274681106791
  0.96798161256886672  0.97884429527435013  0.98940129647575659  1.00000000000000000
 -0.00229988566356377  0.00961337003574724  0.01890355887063222  0.02884120758307819
  0.03825899173560428  0.04853250067587715  0.05891163239827849  0.06971561172831199
  0.08063229950524968  0.09132803542543237  0.10180913990535116  0.11307191157650601
  0.12443668471156219  0.13513861530524907  0.14575320647702897  0.15650248501805031
  0.16690205440784633  0.17735179954430638  0.18860389000775241  0.20065524132327556
  0.21224990924249842  0.22273004357778686  0.23296329430693796  0.24305320124194107
  0.25310076019836503  0.26279830633995432  0.27228701535958533  0.28199872495073519
  0.29210053565954502  0.30260336415217914  0.31296257743551370  0.32317650108589813
  0.33370628675625369  0.34433414328140410  0.35478401175542557  0.36506002639685059
  0.37528708897201835  0.38584278566200725  0.39646607666221845  0.40726264241517734
  0.41788805824493258  0.42843875710021706  0.43891577008737731  0.44932536660041905
  0.45958876489189832  0.46969811541828071  0.47991498324093423  0.49037907017795890
  0.50124532860292936  0.51250146023950538  0.52347120767479027  0.53392322736693365
  0.54426821979230122  0.55469800444546946  0.56515521148726566  0.57553313112766846
  0.58587240967361265  0.59577334793919612  0.60548826766404340  0.61536838286365003
  0.62569125897055655  0.63654878719361041  0.64782468146331984  0.65983064191709107
  0.67138372810432345  0.68259569202199488  0.69333861792415508  0.70355632128430434
  0.71344490486673384  0.72344036217091234  0.73390870152894294  0.74485715876659386
  0.75622702525848606  0.76793608105310951  0.77960118237599108  0.79074509110935665
  0.80195100083657889  0.81295312744209491  0.82398640195932571  0.83487256683645528
  0.84581259773304807  0.85666020670796117  0.86722279538842428  0.87749967001517060
  0.88781482338085826  0.89813504507817421  0.90863655763445961  0.91916120363037646
  0.92946221936710127  0.93993256946528581  0.95044463958805214  0.96027915960594379
  0.96955927893462490  0.97874612331170197  0.98913277294030333  1.00000000000000000
  0.39046016896900038       -1.0000000000000000     
 T T T T T T T T T T T T T T T T T T T T T T T T T T T T T T T T F F F F F F F F F F F F F F F F F F F F F F F F F F F F F F F F
  <DiscreteSampler_grid>
  grouped_processes
  1 # 1 for a reference and 2 for a running grid.
  10 # Attribute 'min_bin_probing_points' of the grid.
  1 # Attribute 'grid_mode' of the grid. 1=='default',2=='initialization'
  0.0000000000000000 # Attribute 'small_contrib_threshold' of the grid.
  0.5000000000000000 # Attribute 'damping_power' of the grid.
 # binID   n_entries weight   weight_sqr   abs_weight
    10   10   2.998401047285191E+013   8.177785902325991E+027   2.998401047285191E+013
  </DiscreteSampler_grid>
