  0.00517909611789107  0.00523499871210082  0.00528177451659937  0.00532748050754990
  0.00537798740945817  0.00545340671230600  0.00555983854040576  0.00566580799417360
  0.00576964780408493  0.00587141470454729  0.00597023255632869  0.00606519688175091
  0.00616141402820492  0.00625630597932770  0.00635336050454897  0.00645143266156568
  0.00655116043591195  0.00665329322578174  0.00675950126906917  0.00687131996042828
  0.00698676344171260  0.00710220928112902  0.00721981937892171  0.00733968714293038
  0.00746475349983142  0.00759517382085519  0.00772663092502496  0.00785359634213075
  0.00797807494919589  0.00810798806415529  0.00824410831339469  0.00838235538851694
  0.00852542492061646  0.00867524441140716  0.00882671962646637  0.00897447639308775
  0.00912248768141300  0.00927719622028622  0.00943438560204585  0.00960305303339890
  0.00978607752377239  0.00998029979271312  0.01018358631280152  0.01038512354053662
  0.01059097890296455  0.01080493881779314  0.01102650440222972  0.01125568811663727
  0.01149392511362862  0.01173994657456577  0.01198690875408286  0.01224974581988087
  0.01253233973261111  0.01282610076856358  0.01313429933752813  0.01345242992905152
  0.01377647365541943  0.01411303728322682  0.01446328305371433  0.01484249020321999
  0.01525902921106497  0.01570230602697744  0.01616191838548832  0.01662265323856901
  0.01708702956951164  0.01757194247895190  0.01810892218098968  0.01872608455597722
  0.01939467649305547  0.02008804735006244  0.02080596969957282  0.02155550029137551
  0.02235397744728284  0.02323044467948002  0.02416860320218343  0.02518034189969423
  0.02624405360430146  0.02745180936290388  0.02883183576148713  0.03033584450739167
  0.03195218790173115  0.03379302955025799  0.03587376701227962  0.03812205794758381
  0.04070564592452624  0.04394500406152878  0.04766068688815228  0.05234578179142575
  0.05813552134000104  0.06598707924090189  0.07690960768329257  0.09372957189428723
  0.12217087599430486  0.20007416488057933  0.79383758713293595  1.00000000000000000
  0.00005762528877220  0.00011930289034217  0.00016379939375991  0.00019941245987112
  0.00023405336967985  0.00026764215598551  0.00029961664719742  0.00033453680710592
  0.00037276831568229  0.00041439718074970  0.00045820975083963  0.00050314468596278
  0.00055094055223646  0.00060179826505446  0.00065407068774259  0.00070840883103787
  0.00076548337079751  0.00082587417087295  0.00089143667631217  0.00096378963470563
  0.00103690603872440  0.00111358348419190  0.00119487234269829  0.00128377438280670
  0.00137888310630233  0.00147567792359901  0.00157382194114055  0.00167080013595732
  0.00176255504936208  0.00184766339110796  0.00193666103492762  0.00202912412681509
  0.00212506728676910  0.00223106634273082  0.00234518231141467  0.00246734309150988
  0.00259132042042250  0.00272713210991968  0.00286788009686517  0.00301648709544193
  0.00317166406180160  0.00333403030281074  0.00350321715237813  0.00367924774210297
  0.00385827329548235  0.00403983894342701  0.00422566830597796  0.00441495273856133
  0.00460821768200466  0.00480980847730924  0.00502427581096319  0.00524921555673773
  0.00548695005729373  0.00574146537285486  0.00600841215204574  0.00628878302311271
  0.00658061047986481  0.00688180196458991  0.00720041170946800  0.00754100041780267
  0.00791026813418408  0.00830841056266957  0.00872547270438696  0.00917044492425922
  0.00964283025767755  0.01014582445997955  0.01069708898741095  0.01130397565540232
  0.01196110709012743  0.01266494079423324  0.01341952520604976  0.01422859940372263
  0.01508604963722854  0.01599302821217176  0.01699401784082032  0.01810944908047893
  0.01936845499025835  0.02077586323877603  0.02237416143761461  0.02413821071642659
  0.02606581327365903  0.02825286095348990  0.03078662432239463  0.03372810414226274
  0.03720050955687640  0.04131349223641256  0.04635936949237229  0.05266698245968562
  0.06083565527529466  0.07144312371614156  0.08675183846253841  0.11024042541114040
  0.15337889679082797  0.27455746907817585  0.79590817400681846  1.00000000000000000
 -0.00236501736531735  0.00957811578116601  0.01974815115814109  0.03040467143104545
  0.04173211849076231  0.05360096875946803  0.06553662470696298  0.07762178731932327
  0.08940630367512871  0.10088401027967717  0.11227592837189826  0.12349151400078801
  0.13439613142606277  0.14513322705598333  0.15606549349508739  0.16693872769689447
  0.17756409581503380  0.18791270550161568  0.19784833750610076  0.20768888880525699
  0.21778568150861483  0.22808045633927893  0.23828786988657216  0.24848336669430152
  0.25895978588676732  0.26964616520111817  0.28015738184189165  0.29052337950530377
  0.30094417471289259  0.31105636906431833  0.32068321089479851  0.33033271165146944
  0.33983742536772887  0.34970322126200953  0.35967906795691418  0.36935106814775714
  0.37896810183285518  0.38886664038983154  0.39901881534087635  0.41026657917466947
  0.42105647600592772  0.43114698520026923  0.44092147772725876  0.45046681516882792
  0.46014058095721500  0.47019545606248725  0.47973436715506307  0.48954661810213340
  0.49955040885160146  0.50992193307440414  0.52072560560910974  0.53119020448071486
  0.54125423613897050  0.55167667560138767  0.56179762475196293  0.57203494463826954
  0.58245551628019521  0.59340138201513692  0.60443979009127158  0.61551194305555257
  0.62661002072015060  0.63790806646569387  0.64919950439875473  0.66008914909938798
  0.67103396210932476  0.68206014172461926  0.69314242326762854  0.70405107665569222
  0.71481106400372241  0.72544759801222602  0.73599724879178874  0.74673237515229662
  0.75779936364173406  0.76919384244970967  0.78027897734998342  0.79134371176072227
  0.80165726567588824  0.81242185364672781  0.82273763627703778  0.83282903475543502
  0.84293812544096836  0.85344148391010810  0.86460413848167306  0.87535137731392310
  0.88594626564154000  0.89604018009969433  0.90590583876626096  0.91567168289189504
  0.92655125661824134  0.93725487320423162  0.94762101819944666  0.95772812217665437
  0.96818732717252065  0.97858545405771047  0.98924057225214745  1.00000000000000000
  0.09829164160943409  0.14066777122014718  0.16388770992109108  0.18179418978645126
  0.19660430803563467  0.20917698366747997  0.22006795018455916  0.23101776103298538
  0.24110561332367286  0.25072777349997816  0.25980881526135741  0.26872657361314117
  0.27775871230083099  0.28665909763906428  0.29564715258555030  0.30514672724982234
  0.31464170311795964  0.32381995062423125  0.33276065447561226  0.34135713952873276
  0.34970101960559158  0.35781039017846894  0.36584049881478892  0.37368862524303115
  0.38119698686672016  0.38900347754493247  0.39700001432964183  0.40541765985446665
  0.41395621731867355  0.42156257184645374  0.42875568306117368  0.43573962571145469
  0.44260652399152062  0.44934657244295356  0.45621571662064864  0.46317717218800158
  0.47014095860557520  0.47706779630686130  0.48455255243405476  0.49241950745278618
  0.50011173261003172  0.50754914482674252  0.51490852480559568  0.52221055472104017
  0.52906859053789435  0.53574309381535901  0.54236550860881116  0.54942697511069916
  0.55640038150740490  0.56334473380918404  0.57010696426034890  0.57684756434260198
  0.58352730589995794  0.59019842997523853  0.59699055415609059  0.60396844391773608
  0.61102968498005561  0.61803260321260078  0.62500172279443100  0.63192710795331752
  0.63867677565447101  0.64523841943725169  0.65173346654380915  0.65821670470793181
  0.66477951497839483  0.67145500151181436  0.67803777691255862  0.68490268617757588
  0.69186078630144487  0.69887002756737437  0.70583925736315378  0.71263269867097090
  0.71913797146252290  0.72549526649549612  0.73180149077064849  0.73812028454132428
  0.74497264563666776  0.75152676286951148  0.75785467983407817  0.76410455391656096
  0.77068798576987174  0.77731636202713383  0.78392794767289031  0.79047552562775480
  0.79700641870953093  0.80355778682764500  0.81007442678365515  0.81674833576594719
  0.82369658172071503  0.83068257847472882  0.83755005955213546  0.84440082548581585
  0.85127014559044856  0.85763213867195742  0.86051027763156196  1.00000000000000000
 -0.00391392116911349  0.01666470842081453  0.03348481647730041  0.04977953445647394
  0.06566690131716331  0.08062234381805382  0.09562485414401214  0.11083370856087876
  0.12614677530710164  0.14098901943966805  0.15471772127513572  0.16742685234766536
  0.17989671905102675  0.19255454231098085  0.20502542341924487  0.21692418337219299
  0.22867008577044542  0.24044059629709238  0.25203582880011405  0.26344749302994025
  0.27450081831343903  0.28500266859583773  0.29494316935318987  0.30472206666446722
  0.31468241879116465  0.32461731470933763  0.33432555288867982  0.34363556090980513
  0.35265536186881252  0.36136532478717470  0.36977747647060888  0.37796660862392295
  0.38600787663360669  0.39393099486197475  0.40135845582010271  0.40850651624311907
  0.41578629448321180  0.42342819591380038  0.43102564386896774  0.43821743133447394
  0.44523781838102622  0.45232191206379435  0.45961661962007277  0.46710163790098236
  0.47444408230685264  0.48152648212216015  0.48850714342277274  0.49544519450467234
  0.50240464996336398  0.50931813765726253  0.51630614235306715  0.52344065988490862
  0.53099770954199321  0.53871058213515710  0.54645592541832855  0.55407691026078398
  0.56156968183212752  0.56894023139149874  0.57637292166830001  0.58409319768100476
  0.59246231082898615  0.60117307046504309  0.61000147271811378  0.61897064334918572
  0.62774688612274565  0.63605309934369869  0.64434050295953016  0.65270064811052864
  0.66123439189295030  0.66972960838774764  0.67805518429307665  0.68647743284114038
  0.69479747174358608  0.70330626594467605  0.71217375672177174  0.72143266184690147
  0.73104654216064680  0.74105203158095878  0.75206515814263164  0.76421634662317228
  0.77676035102037044  0.78960782987857803  0.80251021508859077  0.81519769975334955
  0.82801609861800440  0.84106063237195006  0.85532155395283038  0.86969027577067282
  0.88332229376988580  0.89715350846543540  0.91271651071796689  0.93021563522244100
  0.94819193192496343  0.96541851486118568  0.98283195550336167  1.00000000000000000
   2.0109995345354410E-002  -1.0000000000000000     
 T T T T T T T T T T T T T T T T T T T T T T T T T T T T T T T T F F F F F F F F F F F F F F F F F F F F F F F F F F F F F F F F
  <DiscreteSampler_grid>
  grouped_processes
  1 # 1 for a reference and 2 for a running grid.
  10 # Attribute 'min_bin_probing_points' of the grid.
  1 # Attribute 'grid_mode' of the grid. 1=='default',2=='initialization'
  0.0000000000000000 # Attribute 'small_contrib_threshold' of the grid.
  0.5000000000000000 # Attribute 'damping_power' of the grid.
 # binID   n_entries weight   weight_sqr   abs_weight
    10   10   2.730791709774070E+009   2.701757887589834E+019   2.730791709774070E+009
  </DiscreteSampler_grid>
